poll_time,vehicle_id,trip_id,route_id,latitude,longitude,current_stop_sequence,stop_id,current_status,vehicle_timestamp
2026-10-07T00:10:04.820303+00:00,1583,1284363,011,38.65554428100586,-121.51229095458984,,,,1791331794
2026-10-07T00:10:04.820303+00:00,1581,1285808,038,38.576377868652344,-121.47877502441406,,,,1791331794
2026-10-07T00:10:04.820303+00:00,1612,1284303,010,38.68431854248047,-121.1803970336914,,,,1791331793
2026-10-07T00:10:04.820303+00:00,2820,1287204,081,38.50041961669922,-121.43387603759766,,,,1791331793
2026-10-07T00:10:04.820303+00:00,1577,1288288,142,38.665775299072266,-121.53884887695312,,,,1791331792
2026-10-07T00:10:04.820303+00:00,2028,1288441,177,38.59470748901367,-121.28897857666016,,,,1791331793
2026-10-07T00:10:04.820303+00:00,1575,1288253,138,38.555145263671875,-121.45841217041016,,,,1791331793
2026-10-07T00:10:04.820303+00:00,1574,1287701,086,38.57722091674805,-121.48719024658203,,,,1791331796
2026-10-07T00:10:04.820303+00:00,2025,1288409,176,38.542476654052734,-121.23859405517578,,,,1791331794
2026-10-07T00:10:04.820303+00:00,1573,1287546,084,38.68318176269531,-121.37102508544922,,,,1791331795
2026-10-07T00:10:04.820303+00:00,1616,,,38.56953811645508,-121.47044372558594,,,,1791331793
2026-10-07T00:10:04.820303+00:00,1593,1285142,023,38.6102409362793,-121.35945892333984,,,,1791331794
2026-10-07T00:10:04.820303+00:00,1592,1286721,068,38.51049041748047,-121.45467376708984,,,,1791331794
2026-10-07T00:10:04.820303+00:00,1591,1285296,025,38.617488861083984,-121.34667205810547,,,,1791331793
2026-10-07T00:10:04.820303+00:00,1590,1288213,124,38.67166519165039,-121.203125,,,,1791331793
2026-10-07T00:10:04.820303+00:00,1503,1286211,056,38.453346252441406,-121.41853332519531,,,,1791331792
2026-10-07T00:10:04.820303+00:00,1589,1285054,021,38.6915168762207,-121.27153015136719,,,,1791331792
2026-10-07T00:10:04.820303+00:00,1501,1285928,051,38.525428771972656,-121.44275665283203,,,,1791331794
2026-10-07T00:10:04.820303+00:00,1587,1286347,061,38.51201248168945,-121.53951263427734,,,,1791331795
2026-10-07T00:10:04.820303+00:00,1586,1285547,030,38.56912612915039,-121.46903228759766,,,,1791331794
2026-10-07T00:10:04.820303+00:00,1584,1287220,081,38.4957275390625,-121.50984191894531,,,,1791331793
2026-10-07T00:10:04.820303+00:00,1509,1286722,068,38.45734405517578,-121.41764831542969,,,,1791331794
2026-10-07T00:10:04.820303+00:00,2839,1287700,086,38.61690139770508,-121.50720977783203,,,,1791331793
2026-10-07T00:10:04.820303+00:00,1507,1284394,011,38.635475158691406,-121.50176239013672,,,,1791331796
2026-10-07T00:10:04.820303+00:00,1506,1287952,088,38.57951736450195,-121.49943542480469,,,,1791331795
2026-10-07T00:10:04.820303+00:00,2210,1284046,001,38.65116500854492,-121.35063171386719,,,,1791331795
2026-10-07T00:10:04.820303+00:00,1514,,,38.58494567871094,-121.49436950683594,,,,1791331795
2026-10-07T00:10:04.820303+00:00,2206,1287790,087,38.552703857421875,-121.4274673461914,,,,1791331795
2026-10-07T00:10:04.820303+00:00,2601,,,38.576480865478516,-121.32865905761719,,,,1791331793
2026-10-07T00:10:04.820303+00:00,1512,1284292,010,38.646175384521484,-121.18431091308594,,,,1791331795
2026-10-07T00:10:04.820303+00:00,2843,1284364,011,38.597137451171875,-121.49955749511719,,,,1791331793
2026-10-07T00:10:04.820303+00:00,2205,1285998,051,38.54700469970703,-121.46344757080078,,,,1791331790
2026-10-07T00:10:04.820303+00:00,2204,1285594,030,38.56438446044922,-121.4266357421875,,,,1791331796
2026-10-07T00:10:04.820303+00:00,1510,1285297,025,38.62169647216797,-121.42453002929688,,,,1791331794
2026-10-07T00:10:04.820303+00:00,2203,1285558,030,38.571258544921875,-121.4686279296875,,,,1791331793
2026-10-07T00:10:04.820303+00:00,2202,1286580,067,38.55686950683594,-121.4748306274414,,,,1791331794
2026-10-07T00:10:04.820303+00:00,2201,1286579,067,38.599403381347656,-121.42645263671875,,,,1791331794
2026-10-07T00:10:04.820303+00:00,1595,1288212,124,38.63220977783203,-121.26823425292969,,,,1791331793
2026-10-07T00:10:04.820303+00:00,1519,1286742,068,38.524837493896484,-121.45549774169922,,,,1791331793
2026-10-07T00:10:04.820303+00:00,2849,1284109,001,38.67816162109375,-121.29391479492188,,,,1791331791
2026-10-07T00:10:04.820303+00:00,1518,1288057,093,38.70743942260742,-121.3158950805664,,,,1791331793
2026-10-07T00:10:04.820303+00:00,1517,1285295,025,38.71445846557617,-121.29051971435547,,,,1791331791
2026-10-07T00:10:04.820303+00:00,1516,1285179,023,38.609954833984375,-121.3462905883789,,,,1791331793
2026-10-07T00:10:04.820303+00:00,2604,,,38.64582061767578,-121.38294219970703,,,,1791331796
2026-10-07T00:10:04.820303+00:00,2221,1286000,051,38.500179290771484,-121.4345474243164,,,,1791331792
2026-10-07T00:10:04.820303+00:00,2220,1285420,026,38.68193817138672,-121.38309478759766,,,,1791331793
2026-10-07T00:10:04.820303+00:00,1525,1285996,051,38.575172424316406,-121.50022888183594,,,,1791331792
2026-10-07T00:10:04.820303+00:00,2218,1287517,084,38.63821792602539,-121.3829116821289,,,,1791331795
2026-10-07T00:10:04.820303+00:00,1524,1286178,056,38.4743766784668,-121.43756103515625,,,,1791331795
2026-10-07T00:10:04.820303+00:00,2217,1286460,062,38.58246994018555,-121.5030517578125,,,,1791331793
2026-10-07T00:10:04.820303+00:00,2854,,,38.48554229736328,-121.5356674194336,,,,1791331792
2026-10-07T00:10:04.820303+00:00,2216,,,38.64292907714844,-121.3834228515625,,,,1791331796
2026-10-07T00:10:04.820303+00:00,1522,,,38.565250396728516,-121.46715545654297,,,,1791331794
2026-10-07T00:10:04.820303+00:00,2215,1285011,021,38.67234802246094,-121.27171325683594,,,,1791331792
2026-10-07T00:10:04.820303+00:00,2853,1287178,081,38.49565124511719,-121.49932098388672,,,,1791331793
2026-10-07T00:10:04.820303+00:00,2214,1285421,026,38.5968132019043,-121.40162658691406,,,,1791331791
2026-10-07T00:10:04.820303+00:00,1521,1287922,088,38.58201217651367,-121.50006103515625,,,,1791331796
2026-10-07T00:10:04.820303+00:00,1520,,,38.56954574584961,-121.47055053710938,,,,1791331795
2026-10-07T00:10:04.820303+00:00,2213,1284694,013,38.607452392578125,-121.45648956298828,,,,1791331794
2026-10-07T00:10:04.820303+00:00,2850,1288217,129,38.57776641845703,-121.49742126464844,,,,1791331794
2026-10-07T00:10:04.820303+00:00,1527,1287377,082,38.58740997314453,-121.39231872558594,,,,1791331794
2026-10-07T00:10:04.820303+00:00,2857,,,38.5665397644043,-121.46971130371094,,,,1791331796
2026-10-07T00:10:04.820303+00:00,1526,1287203,081,38.497859954833984,-121.47205352783203,,,,1791331793
2026-10-07T00:10:04.820303+00:00,2232,1286213,056,38.4854850769043,-121.53565979003906,,,,1791331795
2026-10-07T00:10:04.820303+00:00,2230,1287376,082,38.645179748535156,-121.35060119628906,,,,1791331792
2026-10-07T00:10:04.820303+00:00,1536,1285778,038,38.54859161376953,-121.42794036865234,,,,1791331792
2026-10-07T00:10:04.820303+00:00,2229,1285930,051,38.566532135009766,-121.50234985351562,,,,1791331792
2026-10-07T00:10:04.820303+00:00,2227,1285144,023,38.60741424560547,-121.4554214477539,,,,1791331794
2026-10-07T00:10:04.820303+00:00,2226,1285178,023,38.602840423583984,-121.41993713378906,,,,1791331792
2026-10-07T00:10:04.820303+00:00,2864,1285452,026,38.59282302856445,-121.40148162841797,,,,1791331793
2026-10-07T00:10:04.820303+00:00,1533,1286860,072,38.55399703979492,-121.37234497070312,,,,1791331794
2026-10-07T00:10:04.820303+00:00,1532,1284365,011,38.59713363647461,-121.50191497802734,,,,1791331792
2026-10-07T00:10:04.820303+00:00,2225,1287516,084,38.56425476074219,-121.38256072998047,,,,1791331792
2026-10-07T00:10:04.820303+00:00,1531,,,38.48363494873047,-121.5287094116211,,,,1791331795
2026-10-07T00:10:04.820303+00:00,2223,,,38.48508834838867,-121.53341674804688,,,,1791331794
2026-10-07T00:10:04.820303+00:00,1530,1285593,030,38.584632873535156,-121.50074768066406,,,,1791331793
2026-10-07T00:10:04.820303+00:00,2860,1286319,061,38.52497482299805,-121.45008850097656,,,,1791331796
2026-10-07T00:10:04.820303+00:00,2222,1287236,081,38.51502990722656,-121.42759704589844,,,,1791331795
2026-10-07T00:10:04.820303+00:00,1539,1286318,061,38.50019836425781,-121.4339370727539,,,,1791331793
2026-10-07T00:10:04.820303+00:00,1538,1285582,030,38.57450866699219,-121.4719467163086,,,,1791331793
2026-10-07T00:10:04.820303+00:00,1537,1284392,011,38.57573318481445,-121.49835968017578,,,,1791331796
2026-10-07T00:10:04.820303+00:00,1550,1287548,084,38.5555305480957,-121.37055969238281,,,,1791331792
2026-10-07T00:10:04.820303+00:00,2243,1288216,129,38.595924377441406,-121.39810180664062,,,,1791331792
2026-10-07T00:10:04.820303+00:00,2242,1285453,026,38.65245056152344,-121.38282775878906,,,,1791331793
2026-10-07T00:10:04.820303+00:00,2880,1287413,082,38.597267150878906,-121.39218139648438,,,,1791331792
2026-10-07T00:10:04.820303+00:00,2241,1287518,084,38.69305419921875,-121.3636703491211,,,,1791331792
2026-10-07T00:10:04.820303+00:00,2238,,,38.566864013671875,-121.47000885009766,,,,1791331796
2026-10-07T00:10:04.820303+00:00,2876,,,38.57632827758789,-121.5086441040039,,,,1791331791
2026-10-07T00:10:04.820303+00:00,1544,,,38.569725036621094,-121.47088623046875,,,,1791331795
2026-10-07T00:10:04.820303+00:00,2237,1288191,106,38.48387908935547,-121.52460479736328,,,,1791331795
2026-10-07T00:10:04.820303+00:00,2236,,,38.56803512573242,-121.46971130371094,,,,1791331795
2026-10-07T00:10:04.820303+00:00,1543,1284810,015,38.6448974609375,-121.3830337524414,,,,1791331792
2026-10-07T00:10:04.820303+00:00,2874,1288190,106,38.58262252807617,-121.49693298339844,,,,1791331796
2026-10-07T00:10:04.820303+00:00,2235,,,38.56704330444336,-121.47008514404297,,,,1791331795
2026-10-07T00:10:04.820303+00:00,2873,1288184,103,38.51115036010742,-121.52458953857422,,,,1791331796
2026-10-07T00:10:04.820303+00:00,1541,,,38.5699348449707,-121.47074890136719,,,,1791331794
2026-10-07T00:10:04.820303+00:00,2234,1285141,023,38.67908477783203,-121.26722717285156,,,,1791331793
2026-10-07T00:10:04.820303+00:00,2872,1286897,072,38.58420944213867,-121.31170654296875,,,,1791331794
2026-10-07T00:10:04.820303+00:00,1540,1284107,001,38.6390380859375,-121.38323211669922,,,,1791331794
2026-10-07T00:10:04.820303+00:00,2871,1286581,067,38.474388122558594,-121.43780517578125,,,,1791331794
2026-10-07T00:10:04.820303+00:00,2233,1288082,093,38.66249084472656,-121.37820434570312,,,,1791331796
2026-10-07T00:10:04.820303+00:00,1549,1285329,025,38.69076156616211,-121.30155944824219,,,,1791331793
2026-10-07T00:10:04.820303+00:00,1548,1285779,038,38.57511520385742,-121.48297119140625,,,,1791331796
2026-10-07T00:10:04.820303+00:00,1561,1286599,067,38.50017547607422,-121.46170043945312,,,,1791331795
2026-10-07T00:10:04.820303+00:00,2253,1285929,051,38.55542755126953,-121.4718017578125,,,,1791331793
2026-10-07T00:10:04.820303+00:00,1560,1287671,086,38.62508773803711,-121.42546844482422,,,,1791331794
2026-10-07T00:10:04.820303+00:00,2252,,,38.55181884765625,-121.453369140625,,,,1791331793
2026-10-07T00:10:04.820303+00:00,2251,1285328,025,38.617271423339844,-121.34225463867188,,,,1791331793
2026-10-07T00:10:04.820303+00:00,1558,1288083,093,38.7223014831543,-121.28961181640625,,,,1791331792
2026-10-07T00:10:04.820303+00:00,1557,1287699,086,38.630149841308594,-121.4595947265625,,,,1791331794
2026-10-07T00:10:04.820303+00:00,2887,,,38.5676383972168,-121.46988677978516,,,,1791331796
2026-10-07T00:10:04.820303+00:00,1556,1285931,051,38.584781646728516,-121.49446868896484,,,,1791331792
2026-10-07T00:10:04.820303+00:00,2249,1287791,087,38.616600036621094,-121.41531372070312,,,,1791331791
2026-10-07T00:10:04.820303+00:00,1555,1287237,081,38.50872802734375,-121.54198455810547,,,,1791331796
2026-10-07T00:10:04.820303+00:00,2248,1287821,087,38.566654205322266,-121.42822265625,,,,1791331794
2026-10-07T00:10:04.820303+00:00,1554,1285055,021,38.6275634765625,-121.26578521728516,,,,1791331793
2026-10-07T00:10:04.820303+00:00,2247,1286743,068,38.483463287353516,-121.40889739990234,,,,1791331796
2026-10-07T00:10:04.820303+00:00,1553,1284928,019,38.68983459472656,-121.43879699707031,,,,1791331795
2026-10-07T00:10:04.820303+00:00,2246,1286477,062,38.54528045654297,-121.49079132080078,,,,1791331793
2026-10-07T00:10:04.820303+00:00,2244,,,38.567012786865234,-121.47029113769531,,,,1791331792
2026-10-07T00:10:04.820303+00:00,1551,1285012,021,38.6067008972168,-121.29581451416016,,,,1791331792
2026-10-07T00:10:04.820303+00:00,1559,1284674,013,38.59603500366211,-121.41725158691406,,,,1791331795
2026-10-07T00:10:04.820303+00:00,1572,1284110,001,38.67937088012695,-121.26717376708984,,,,1791331796
2026-10-07T00:10:04.820303+00:00,1571,1288183,103,38.507137298583984,-121.54496002197266,,,,1791331793
2026-10-07T00:10:04.820303+00:00,2263,1286720,068,38.5521240234375,-121.46896362304688,,,,1791331795
2026-10-07T00:10:04.820303+00:00,2261,1287670,086,38.61028289794922,-121.50518798828125,,,,1791331792
2026-10-07T00:10:04.820303+00:00,2260,1284695,013,38.65605545043945,-121.51581573486328,,,,1791331793
2026-10-07T00:10:04.820303+00:00,1569,,,38.647674560546875,-121.38341522216797,,,,1791331793
2026-10-07T00:10:04.820303+00:00,1568,1284047,001,38.67860794067383,-121.32160186767578,,,,1791331795
2026-10-07T00:10:04.820303+00:00,1566,1286859,072,38.54546356201172,-121.34395599365234,,,,1791331793
2026-10-07T00:10:04.820303+00:00,1565,1288182,103,38.57688903808594,-121.49949645996094,,,,1791331794
2026-10-07T00:10:04.820303+00:00,2257,1287547,084,38.628456115722656,-121.38307189941406,,,,1791331792
2026-10-07T00:10:04.820303+00:00,1563,1285997,051,38.56058120727539,-121.48876190185547,,,,1791331796
2026-10-07T00:10:04.820303+00:00,2256,1287412,082,38.55271530151367,-121.42732238769531,,,,1791331794
2026-10-07T00:10:04.820303+00:00,2255,,,38.56855773925781,-121.46935272216797,,,,1791331793
2026-10-07T00:10:04.820303+00:00,1562,1285999,051,38.51173400878906,-121.43658447265625,,,,1791331792
2026-10-07T00:10:04.820303+00:00,2816,,,38.51231002807617,-121.4768295288086,,,,1791331795
2026-10-07T00:10:04.820303+00:00,2815,,,38.56959533691406,-121.47064208984375,,,,1791331795
2026-10-07T00:41:40.365244+00:00,1583,1284363,011,38.5787353515625,-121.49864196777344,,,,1791333687
2026-10-07T00:41:40.365244+00:00,1581,1285808,038,38.55017852783203,-121.42774200439453,,,,1791333686
2026-10-07T00:41:40.365244+00:00,1612,1284277,010,38.67001724243164,-121.15619659423828,,,,1791333685
2026-10-07T00:41:40.365244+00:00,2820,1287219,081,38.495731353759766,-121.5106430053711,,,,1791333689
2026-10-07T00:41:40.365244+00:00,1577,1288269,142,38.579193115234375,-121.49820709228516,,,,1791333685
2026-10-07T00:41:40.365244+00:00,2028,1288487,177,38.59228515625,-121.28760528564453,,,,1791333689
2026-10-07T00:41:40.365244+00:00,1575,1288235,138,38.55888366699219,-121.66798400878906,,,,1791333686
2026-10-07T00:41:40.365244+00:00,1574,1287701,086,38.62736892700195,-121.50199127197266,,,,1791333685
2026-10-07T00:41:40.365244+00:00,2025,1288439,177,38.58454132080078,-121.28588104248047,,,,1791333686
2026-10-07T00:41:40.365244+00:00,1573,1287546,084,38.59449005126953,-121.38314819335938,,,,1791333687
2026-10-07T00:41:40.365244+00:00,1616,,,38.56953811645508,-121.47044372558594,,,,1791333687
2026-10-07T00:41:40.365244+00:00,1593,1285142,023,38.60646438598633,-121.45536041259766,,,,1791333687
2026-10-07T00:41:40.365244+00:00,1592,1286721,068,38.58138656616211,-121.4633560180664,,,,1791333687
2026-10-07T00:41:40.365244+00:00,1591,1285296,025,38.6216926574707,-121.42449188232422,,,,1791333687
2026-10-07T00:41:40.365244+00:00,1590,,,38.57101821899414,-121.29737854003906,,,,1791333685
2026-10-07T00:41:40.365244+00:00,1503,1286179,056,38.47466278076172,-121.45024871826172,,,,1791333689
2026-10-07T00:41:40.365244+00:00,1501,1285928,051,38.570743560791016,-121.50052642822266,,,,1791333688
2026-10-07T00:41:40.365244+00:00,1589,1288056,093,38.70535659790039,-121.32748413085938,,,,1791333686
2026-10-07T00:41:40.365244+00:00,1587,1286347,061,38.52495193481445,-121.44168090820312,,,,1791333689
2026-10-07T00:41:40.365244+00:00,1584,1287184,081,38.495704650878906,-121.48664855957031,,,,1791333687
2026-10-07T00:41:40.365244+00:00,1509,1286722,068,38.501373291015625,-121.43157958984375,,,,1791333685
2026-10-07T00:41:40.365244+00:00,2839,1287819,087,38.6221809387207,-121.42399597167969,,,,1791333690
2026-10-07T00:41:40.365244+00:00,1507,1284362,011,38.61991882324219,-121.49796295166016,,,,1791333689
2026-10-07T00:41:40.365244+00:00,1506,1287952,088,38.61124801635742,-121.474853515625,,,,1791333687
2026-10-07T00:41:40.365244+00:00,1505,,,38.57761764526367,-121.46517944335938,,,,1791333689
2026-10-07T00:41:40.365244+00:00,2210,1284105,001,38.64341735839844,-121.38338470458984,,,,1791333687
2026-10-07T00:41:40.365244+00:00,1514,1288196,109,38.5606803894043,-121.46328735351562,,,,1791333686
2026-10-07T00:41:40.365244+00:00,2206,1287790,087,38.62312698364258,-121.4244384765625,,,,1791333686
2026-10-07T00:41:40.365244+00:00,2601,,,38.57931137084961,-121.29554748535156,,,,1791333686
2026-10-07T00:41:40.365244+00:00,1512,1284292,010,38.66996765136719,-121.15553283691406,,,,1791333686
2026-10-07T00:41:40.365244+00:00,2843,1284364,011,38.538326263427734,-121.49174499511719,,,,1791333688
2026-10-07T00:41:40.365244+00:00,2205,1285998,051,38.50016784667969,-121.43462371826172,,,,1791333687
2026-10-07T00:41:40.365244+00:00,2204,1285557,030,38.5728645324707,-121.47456359863281,,,,1791333687
2026-10-07T00:41:40.365244+00:00,1510,1285327,025,38.62228012084961,-121.3283920288086,,,,1791333685
2026-10-07T00:41:40.365244+00:00,2203,1285592,030,38.58385467529297,-121.4993896484375,,,,1791333687
2026-10-07T00:41:40.365244+00:00,2202,1286580,067,38.599449157714844,-121.426513671875,,,,1791333689
2026-10-07T00:41:40.365244+00:00,2201,1286597,067,38.56997299194336,-121.46955108642578,,,,1791333687
2026-10-07T00:41:40.365244+00:00,1595,,,38.66395568847656,-121.22517395019531,,,,1791333688
2026-10-07T00:41:40.365244+00:00,1519,1286742,068,38.471073150634766,-121.42730712890625,,,,1791333689
2026-10-07T00:41:40.365244+00:00,1518,,,38.645015716552734,-121.38326263427734,,,,1791333668
2026-10-07T00:41:40.365244+00:00,2849,1284049,001,38.668701171875,-121.33586120605469,,,,1791333685
2026-10-07T00:41:40.365244+00:00,1517,1285295,025,38.61729431152344,-121.33439636230469,,,,1791333687
2026-10-07T00:41:40.365244+00:00,1516,1285179,023,38.678157806396484,-121.28952026367188,,,,1791333686
2026-10-07T00:41:40.365244+00:00,2604,,,38.645851135253906,-121.38294219970703,,,,1791333689
2026-10-07T00:41:40.365244+00:00,1515,,,38.42369842529297,-121.3946762084961,,,,1791333688
2026-10-07T00:41:40.365244+00:00,2221,1285899,051,38.52993392944336,-121.44487762451172,,,,1791333686
2026-10-07T00:41:40.365244+00:00,2220,1285420,026,38.6006965637207,-121.40164947509766,,,,1791333688
2026-10-07T00:41:40.365244+00:00,1525,1285996,051,38.52521896362305,-121.44284057617188,,,,1791333686
2026-10-07T00:41:40.365244+00:00,2218,1287517,084,38.714332580566406,-121.36952209472656,,,,1791333685
2026-10-07T00:41:40.365244+00:00,2217,1286471,062,38.539573669433594,-121.49258422851562,,,,1791333686
2026-10-07T00:41:40.365244+00:00,1524,1286464,062,38.4864616394043,-121.53672790527344,,,,1791333687
2026-10-07T00:41:40.365244+00:00,2854,1286492,062,38.58192443847656,-121.49968719482422,,,,1791333690
2026-10-07T00:41:40.365244+00:00,2216,1288081,093,38.70058059692383,-121.33216857910156,,,,1791333687
2026-10-07T00:41:40.365244+00:00,2215,1285011,021,38.58369064331055,-121.31124114990234,,,,1791333689
2026-10-07T00:41:40.365244+00:00,2853,1287178,081,38.50042724609375,-121.43399810791016,,,,1791333686
2026-10-07T00:41:40.365244+00:00,2214,1285421,026,38.55260467529297,-121.42704772949219,,,,1791333685
2026-10-07T00:41:40.365244+00:00,1521,1287951,088,38.60514450073242,-121.51354217529297,,,,1791333689
2026-10-07T00:41:40.365244+00:00,1520,,,38.569602966308594,-121.47055053710938,,,,1791333688
2026-10-07T00:41:40.365244+00:00,2213,1284694,013,38.655914306640625,-121.54019165039062,,,,1791333685
2026-10-07T00:41:40.365244+00:00,2850,1288217,129,38.5958366394043,-121.3925552368164,,,,1791333686
2026-10-07T00:41:40.365244+00:00,1527,,,38.56501007080078,-121.45699310302734,,,,1791333688
2026-10-07T00:41:40.365244+00:00,2857,,,38.488887786865234,-121.51387786865234,,,,1791333690
2026-10-07T00:41:40.365244+00:00,1526,1287203,081,38.544734954833984,-121.42781066894531,,,,1791333686
2026-10-07T00:41:40.365244+00:00,2232,1286213,056,38.482200622558594,-121.45345306396484,,,,1791333685
2026-10-07T00:41:40.365244+00:00,2230,1287376,082,38.581451416015625,-121.39544677734375,,,,1791333690
2026-10-07T00:41:40.365244+00:00,1536,1285778,038,38.5771369934082,-121.49066925048828,,,,1791333686
2026-10-07T00:41:40.365244+00:00,2229,1285994,051,38.58171463012695,-121.4974136352539,,,,1791333687
2026-10-07T00:41:40.365244+00:00,2227,1285177,023,38.610713958740234,-121.40587615966797,,,,1791333689
2026-10-07T00:41:40.365244+00:00,2226,1285178,023,38.636634826660156,-121.32715606689453,,,,1791333689
2026-10-07T00:41:40.365244+00:00,2864,1285452,026,38.66854476928711,-121.38365173339844,,,,1791333687
2026-10-07T00:41:40.365244+00:00,1533,1286896,072,38.572261810302734,-121.31755065917969,,,,1791333688
2026-10-07T00:41:40.365244+00:00,1532,1284391,011,38.53557586669922,-121.49600982666016,,,,1791333687
2026-10-07T00:41:40.365244+00:00,2225,1287516,084,38.63566970825195,-121.38284301757812,,,,1791333690
2026-10-07T00:41:40.365244+00:00,1531,,,38.56763458251953,-121.4694595336914,,,,1791333687
2026-10-07T00:41:40.365244+00:00,1530,1285593,030,38.56447219848633,-121.42619323730469,,,,1791333686
2026-10-07T00:41:40.365244+00:00,2223,1286453,062,38.54472351074219,-121.4908218383789,,,,1791333687
2026-10-07T00:41:40.365244+00:00,2860,1286319,061,38.485633850097656,-121.5357894897461,,,,1791333688
2026-10-07T00:41:40.365244+00:00,2222,1287236,081,38.49797058105469,-121.5332260131836,,,,1791333687
2026-10-07T00:41:40.365244+00:00,1539,1286318,061,38.525020599365234,-121.4438705444336,,,,1791333686
2026-10-07T00:41:40.365244+00:00,1538,1287411,082,38.55267333984375,-121.42726135253906,,,,1791333690
2026-10-07T00:41:40.365244+00:00,1537,1284392,011,38.61446762084961,-121.49776458740234,,,,1791333688
2026-10-07T00:41:40.365244+00:00,1550,1287515,084,38.566585540771484,-121.38279724121094,,,,1791333688
2026-10-07T00:41:40.365244+00:00,2243,1288216,129,38.649009704589844,-121.30879974365234,,,,1791333687
2026-10-07T00:41:40.365244+00:00,2880,1287413,082,38.647300720214844,-121.35043334960938,,,,1791333689
2026-10-07T00:41:40.365244+00:00,2242,1287545,084,38.681190490722656,-121.37305450439453,,,,1791333686
2026-10-07T00:41:40.365244+00:00,2241,1285419,026,38.69782638549805,-121.38302612304688,,,,1791333690
2026-10-07T00:41:40.365244+00:00,2238,,,38.566864013671875,-121.47000885009766,,,,1791333686
2026-10-07T00:41:40.365244+00:00,2876,,,38.430484771728516,-121.41715240478516,,,,1791333673
2026-10-07T00:41:40.365244+00:00,1544,,,38.569725036621094,-121.47088623046875,,,,1791333686
2026-10-07T00:41:40.365244+00:00,2237,1287177,081,38.49787521362305,-121.53083801269531,,,,1791333689
2026-10-07T00:41:40.365244+00:00,2236,,,38.569393157958984,-121.47119903564453,,,,1791333120
2026-10-07T00:41:40.365244+00:00,1543,1287921,088,38.6063232421875,-121.45677947998047,,,,1791333689
2026-10-07T00:41:40.365244+00:00,2874,1288190,106,38.51219940185547,-121.5156021118164,,,,1791333689
2026-10-07T00:41:40.365244+00:00,2873,,,38.5803337097168,-121.49366760253906,,,,1791333688
2026-10-07T00:41:40.365244+00:00,2235,,,38.56704330444336,-121.47008514404297,,,,1791333688
2026-10-07T00:41:40.365244+00:00,1541,,,38.5699348449707,-121.47074890136719,,,,1791333688
2026-10-07T00:41:40.365244+00:00,2234,1285141,023,38.61246871948242,-121.32896423339844,,,,1791333689
2026-10-07T00:41:40.365244+00:00,2872,1286872,072,38.55029296875,-121.37261962890625,,,,1791333685
2026-10-07T00:41:40.365244+00:00,1540,1284107,001,38.67837142944336,-121.2718734741211,,,,1791333686
2026-10-07T00:41:40.365244+00:00,2871,1286581,067,38.55694580078125,-121.47572326660156,,,,1791333686
2026-10-07T00:41:40.365244+00:00,2233,1288082,093,38.714454650878906,-121.2902603149414,,,,1791333689
2026-10-07T00:41:40.365244+00:00,1549,1285294,025,38.708091735839844,-121.29059600830078,,,,1791333688
2026-10-07T00:41:40.365244+00:00,1548,1285581,030,38.57379913330078,-121.46929931640625,,,,1791333689
2026-10-07T00:41:40.365244+00:00,1561,1286723,068,38.458396911621094,-121.41715240478516,,,,1791333689
2026-10-07T00:41:40.365244+00:00,2253,1285929,051,38.58439636230469,-121.49457550048828,,,,1791333687
2026-10-07T00:41:40.365244+00:00,1560,1287671,086,38.6275634765625,-121.49748992919922,,,,1791333685
2026-10-07T00:41:40.365244+00:00,2252,1288228,137,38.435546875,-121.3990249633789,,,,1791333689
2026-10-07T00:41:40.365244+00:00,2251,1285328,025,38.69269943237305,-121.2957992553711,,,,1791333689
2026-10-07T00:41:40.365244+00:00,1558,1285010,021,38.6688232421875,-121.27205657958984,,,,1791333690
2026-10-07T00:41:40.365244+00:00,1557,1287666,086,38.625518798828125,-121.43283081054688,,,,1791333686
2026-10-07T00:41:40.365244+00:00,2887,,,38.5676383972168,-121.46988677978516,,,,1791333685
2026-10-07T00:41:40.365244+00:00,2249,1287820,087,38.5832405090332,-121.41551971435547,,,,1791333686
2026-10-07T00:41:40.365244+00:00,1556,1288172,102,38.55618667602539,-121.50240325927734,,,,1791333687
2026-10-07T00:41:40.365244+00:00,1555,,,38.56869888305664,-121.46931457519531,,,,1791333687
2026-10-07T00:41:40.365244+00:00,2248,1287789,087,38.57017135620117,-121.41937255859375,,,,1791333690
2026-10-07T00:41:40.365244+00:00,1554,1285055,021,38.72065734863281,-121.29033660888672,,,,1791333686
2026-10-07T00:41:40.365244+00:00,2247,1286743,068,38.454071044921875,-121.41852569580078,,,,1791333689
2026-10-07T00:41:40.365244+00:00,1553,1284928,019,38.606544494628906,-121.46417236328125,,,,1791333690
2026-10-07T00:41:40.365244+00:00,2246,1286477,062,38.485321044921875,-121.53543090820312,,,,1791333687
2026-10-07T00:41:40.365244+00:00,1551,1285056,021,38.62316131591797,-121.26707458496094,,,,1791333688
2026-10-07T00:41:40.365244+00:00,1559,1284693,013,38.60274887084961,-121.43326568603516,,,,1791333688
2026-10-07T00:41:40.365244+00:00,1572,1284048,001,38.6446647644043,-121.36421203613281,,,,1791333686
2026-10-07T00:41:40.365244+00:00,1571,,,38.58446502685547,-121.49996948242188,,,,1791333688
2026-10-07T00:41:40.365244+00:00,2263,1286740,068,38.59602737426758,-121.43444061279297,,,,1791333688
2026-10-07T00:41:40.365244+00:00,2261,1287702,086,38.5987663269043,-121.5041732788086,,,,1791333688
2026-10-07T00:41:40.365244+00:00,2260,1284673,013,38.61815643310547,-121.47563934326172,,,,1791333687
2026-10-07T00:41:40.365244+00:00,1569,1284106,001,38.67793273925781,-121.31620788574219,,,,1791333690
2026-10-07T00:41:40.365244+00:00,1568,,,38.646732330322266,-121.38359069824219,,,,1791333688
2026-10-07T00:41:40.365244+00:00,1566,1286895,072,38.553863525390625,-121.37265014648438,,,,1791333686
2026-10-07T00:41:40.365244+00:00,1565,1288182,103,38.4808464050293,-121.51497650146484,,,,1791333689
2026-10-07T00:41:40.365244+00:00,2257,1287547,084,38.5516471862793,-121.37369537353516,,,,1791333688
2026-10-07T00:41:40.365244+00:00,1563,1285997,051,38.50117874145508,-121.43164825439453,,,,1791333685
2026-10-07T00:41:40.365244+00:00,2256,1287412,082,38.59305953979492,-121.3921890258789,,,,1791333690
2026-10-07T00:41:40.365244+00:00,1562,,,38.569881439208984,-121.4691162109375,,,,1791333690
2026-10-07T00:41:40.365244+00:00,2255,,,38.56937026977539,-121.47113800048828,,,,1791333335
2026-10-07T00:41:40.365244+00:00,2816,,,38.52865982055664,-121.48221588134766,,,,1791333687
2026-10-07T00:41:40.365244+00:00,2815,,,38.56959533691406,-121.4706039428711,,,,1791333686
2026-10-07T01:04:46.100383+00:00,1583,1284363,011,38.54124069213867,-121.4852523803711,,,,1791335072
2026-10-07T01:04:46.100383+00:00,1582,,,38.57658004760742,-121.46561431884766,,,,1791335071
2026-10-07T01:04:46.100383+00:00,1581,1285771,038,38.55283737182617,-121.42682647705078,,,,1791335071
2026-10-07T01:04:46.100383+00:00,1612,1284277,010,38.6476936340332,-121.1504135131836,,,,1791335069
2026-10-07T01:04:46.100383+00:00,2821,,,38.56703567504883,-121.46961975097656,,,,1791335068
2026-10-07T01:04:46.100383+00:00,2820,1287219,081,38.509300231933594,-121.5426254272461,,,,1791335071
2026-10-07T01:04:46.100383+00:00,1577,1288269,142,38.69204330444336,-121.58811950683594,,,,1791335069
2026-10-07T01:04:46.100383+00:00,2028,1288401,176,38.54037857055664,-121.22410583496094,,,,1791335068
2026-10-07T01:04:46.100383+00:00,1575,1288235,138,38.5390625,-121.76113891601562,,,,1791335068
2026-10-07T01:04:46.100383+00:00,1574,1287673,086,38.62236404418945,-121.42382049560547,,,,1791335068
2026-10-07T01:04:46.100383+00:00,2025,1288485,177,38.5892219543457,-121.2869873046875,,,,1791335071
2026-10-07T01:04:46.100383+00:00,1573,1287546,084,38.551918029785156,-121.37222290039062,,,,1791335070
2026-10-07T01:04:46.100383+00:00,1616,,,38.56953048706055,-121.470458984375,,,,1791335070
2026-10-07T01:04:46.100383+00:00,1593,1285176,023,38.59992980957031,-121.4262924194336,,,,1791335073
2026-10-07T01:04:46.100383+00:00,1592,1286739,068,38.59831237792969,-121.42518615722656,,,,1791335072
2026-10-07T01:04:46.100383+00:00,1591,1285326,025,38.61765670776367,-121.36974334716797,,,,1791335069
2026-10-07T01:04:46.100383+00:00,1590,1288210,124,38.6259880065918,-121.26571655273438,,,,1791335068
2026-10-07T01:04:46.100383+00:00,2834,,,38.56708526611328,-121.46961975097656,,,,1791335071
2026-10-07T01:04:46.100383+00:00,1503,1286179,056,38.48274230957031,-121.5174331665039,,,,1791335072
2026-10-07T01:04:46.100383+00:00,1501,,,38.568668365478516,-121.4691162109375,,,,1791335070
2026-10-07T01:04:46.100383+00:00,1589,1288056,093,38.661067962646484,-121.38306427001953,,,,1791335072
2026-10-07T01:04:46.100383+00:00,1587,1286347,061,38.4962158203125,-121.43387603759766,,,,1791335069
2026-10-07T01:04:46.100383+00:00,1586,,,38.57607650756836,-121.46572875976562,,,,1791335070
2026-10-07T01:04:46.100383+00:00,1584,1287184,081,38.49849319458008,-121.43017578125,,,,1791335073
2026-10-07T01:04:46.100383+00:00,1509,1286722,068,38.5567512512207,-121.46770477294922,,,,1791335068
2026-10-07T01:04:46.100383+00:00,2839,1287819,087,38.56864547729492,-121.42431640625,,,,1791335068
2026-10-07T01:04:46.100383+00:00,1507,1284362,011,38.5654411315918,-121.50702667236328,,,,1791335070
2026-10-07T01:04:46.100383+00:00,1506,1284826,015,38.62239074707031,-121.44611358642578,,,,1791335073
2026-10-07T01:04:46.100383+00:00,2836,,,38.56709289550781,-121.46961975097656,,,,1791335070
2026-10-07T01:04:46.100383+00:00,1505,1284673,013,38.610084533691406,-121.37938690185547,,,,1791335070
2026-10-07T01:04:46.100383+00:00,2210,1284105,001,38.66792297363281,-121.33738708496094,,,,1791335070
2026-10-07T01:04:46.100383+00:00,1514,1288196,109,38.662960052490234,-121.22564697265625,,,,1791335070
2026-10-07T01:04:46.100383+00:00,2206,1287790,087,38.62312698364258,-121.4244384765625,,,,1791335072
2026-10-07T01:04:46.100383+00:00,2601,,,38.57265090942383,-121.33634185791016,,,,1791335072
2026-10-07T01:04:46.100383+00:00,1512,1284292,010,38.67584991455078,-121.20240020751953,,,,1791335068
2026-10-07T01:04:46.100383+00:00,2843,1284389,011,38.563880920410156,-121.50153350830078,,,,1791335069
2026-10-07T01:04:46.100383+00:00,2205,1285898,051,38.54683303833008,-121.45438385009766,,,,1791335068
2026-10-07T01:04:46.100383+00:00,2204,1285591,030,38.58454132080078,-121.5003662109375,,,,1791335072
2026-10-07T01:04:46.100383+00:00,1510,1285327,025,38.69160461425781,-121.29901885986328,,,,1791335072
2026-10-07T01:04:46.100383+00:00,2203,1285592,030,38.56966018676758,-121.4537582397461,,,,1791335069
2026-10-07T01:04:46.100383+00:00,2202,1286596,067,38.57164764404297,-121.46878051757812,,,,1791335072
2026-10-07T01:04:46.100383+00:00,2201,1286597,067,38.52490997314453,-121.4648208618164,,,,1791335069
2026-10-07T01:04:46.100383+00:00,1595,,,38.57099914550781,-121.2974624633789,,,,1791335068
2026-10-07T01:04:46.100383+00:00,1519,,,38.542884826660156,-121.47378540039062,,,,1791335072
2026-10-07T01:04:46.100383+00:00,2849,,,38.646907806396484,-121.38350677490234,,,,1791335072
2026-10-07T01:04:46.100383+00:00,1518,1288104,093,38.66291046142578,-121.36438751220703,,,,1791335071
2026-10-07T01:04:46.100383+00:00,1517,1285295,025,38.62177658081055,-121.42443084716797,,,,1791335072
2026-10-07T01:04:46.100383+00:00,2847,,,38.5673713684082,-121.47007751464844,,,,1791335069
2026-10-07T01:04:46.100383+00:00,1516,1285140,023,38.6672477722168,-121.29234313964844,,,,1791335073
2026-10-07T01:04:46.100383+00:00,2604,,,38.64918899536133,-121.3838119506836,,,,1791335069
2026-10-07T01:04:46.100383+00:00,1515,,,38.570186614990234,-121.4706039428711,,,,1791335069
2026-10-07T01:04:46.100383+00:00,2221,1285899,051,38.566505432128906,-121.50235748291016,,,,1791335073
2026-10-07T01:04:46.100383+00:00,2220,1285420,026,38.552860260009766,-121.42756652832031,,,,1791335069
2026-10-07T01:04:46.100383+00:00,2218,1285418,026,38.710445404052734,-121.38997650146484,,,,1791335069
2026-10-07T01:04:46.100383+00:00,1525,1285996,051,38.49782180786133,-121.43791198730469,,,,1791335069
2026-10-07T01:04:46.100383+00:00,2217,1286471,062,38.48519515991211,-121.53526306152344,,,,1791335070
2026-10-07T01:04:46.100383+00:00,1524,1286464,062,38.525672912597656,-121.49675750732422,,,,1791335071
2026-10-07T01:04:46.100383+00:00,2854,1286492,062,38.53981399536133,-121.49250793457031,,,,1791335071
2026-10-07T01:04:46.100383+00:00,2216,1288081,093,38.72230529785156,-121.28960418701172,,,,1791335071
2026-10-07T01:04:46.100383+00:00,2215,1285057,021,38.617332458496094,-121.27550506591797,,,,1791335071
2026-10-07T01:04:46.100383+00:00,2853,1287218,081,38.49591064453125,-121.48338317871094,,,,1791335069
2026-10-07T01:04:46.100383+00:00,2214,1285450,026,38.595394134521484,-121.40142822265625,,,,1791335070
2026-10-07T01:04:46.100383+00:00,1521,1287951,088,38.6063232421875,-121.45677947998047,,,,1791335073
2026-10-07T01:04:46.100383+00:00,1520,,,38.569618225097656,-121.47056579589844,,,,1791335071
2026-10-07T01:04:46.100383+00:00,2213,1284672,013,38.64784240722656,-121.5091781616211,,,,1791335068
2026-10-07T01:04:46.100383+00:00,2850,1288217,129,38.63470458984375,-121.3210678100586,,,,1791335071
2026-10-07T01:04:46.100383+00:00,1808,,,38.56974792480469,-121.4692611694336,,,,1791335069
2026-10-07T01:04:46.100383+00:00,1806,,,38.56978988647461,-121.46927642822266,,,,1791335071
2026-10-07T01:04:46.100383+00:00,1527,,,38.56775665283203,-121.46947479248047,,,,1791335069
2026-10-07T01:04:46.100383+00:00,2857,,,38.393558502197266,-121.43204498291016,,,,1791335072
2026-10-07T01:04:46.100383+00:00,1526,1287234,081,38.52094650268555,-121.4276123046875,,,,1791335073
2026-10-07T01:04:46.100383+00:00,2232,1286180,056,38.45915603637695,-121.41706085205078,,,,1791335069
2026-10-07T01:04:46.100383+00:00,2230,1287376,082,38.553550720214844,-121.42791748046875,,,,1791335068
2026-10-07T01:04:46.100383+00:00,1536,,,38.567508697509766,-121.46945190429688,,,,1791335071
2026-10-07T01:04:46.100383+00:00,2229,1285994,051,38.55247116088867,-121.46942901611328,,,,1791335069
2026-10-07T01:04:46.100383+00:00,2227,1285177,023,38.62136459350586,-121.3283920288086,,,,1791335070
2026-10-07T01:04:46.100383+00:00,2226,1285178,023,38.67986297607422,-121.26716613769531,,,,1791335070
2026-10-07T01:04:46.100383+00:00,1533,1286849,072,38.56233596801758,-121.32586669921875,,,,1791335069
2026-10-07T01:04:46.100383+00:00,2864,1287544,084,38.68162536621094,-121.37259674072266,,,,1791335069
2026-10-07T01:04:46.100383+00:00,1532,1284391,011,38.5563850402832,-121.5020523071289,,,,1791335068
2026-10-07T01:04:46.100383+00:00,2225,1287516,084,38.694393157958984,-121.36369323730469,,,,1791335071
2026-10-07T01:04:46.100383+00:00,1531,,,38.56763458251953,-121.4694595336914,,,,1791335070
2026-10-07T01:04:46.100383+00:00,2103,,,38.5681037902832,-121.4695816040039,,,,1791334976
2026-10-07T01:04:46.100383+00:00,2223,,,38.582603454589844,-121.50186920166016,,,,1791335071
2026-10-07T01:04:46.100383+00:00,1530,1285556,030,38.57063293457031,-121.45706176757812,,,,1791335070
2026-10-07T01:04:46.100383+00:00,2860,1286345,061,38.504005432128906,-121.5389633178711,,,,1791335070
2026-10-07T01:04:46.100383+00:00,2222,1287183,081,38.49583435058594,-121.47366333007812,,,,1791335069
2026-10-07T01:04:46.100383+00:00,1539,1286318,061,38.516204833984375,-121.51524353027344,,,,1791335072
2026-10-07T01:04:46.100383+00:00,1538,1287411,082,38.58144760131836,-121.40254211425781,,,,1791335069
2026-10-07T01:04:46.100383+00:00,1537,1284392,011,38.66353225708008,-121.50917053222656,,,,1791335068
2026-10-07T01:04:46.100383+00:00,2243,,,38.64826202392578,-121.3836669921875,,,,1791335069
2026-10-07T01:04:46.100383+00:00,1550,1287515,084,38.6170768737793,-121.38287353515625,,,,1791335072
2026-10-07T01:04:46.100383+00:00,2880,1287374,082,38.649757385253906,-121.3506851196289,,,,1791335072
2026-10-07T01:04:46.100383+00:00,2242,1287545,084,38.61276626586914,-121.38311767578125,,,,1791335071
2026-10-07T01:04:46.100383+00:00,2241,1285419,026,38.63332748413086,-121.39327239990234,,,,1791335072
2026-10-07T01:04:46.100383+00:00,2238,,,38.57018280029297,-121.47126007080078,,,,1791335069
2026-10-07T01:04:46.100383+00:00,2876,,,38.567447662353516,-121.46971130371094,,,,1791335063
2026-10-07T01:04:46.100383+00:00,1544,,,38.56967544555664,-121.47089385986328,,,,1791334908
2026-10-07T01:04:46.100383+00:00,2237,1287177,081,38.496124267578125,-121.4382553100586,,,,1791335072
2026-10-07T01:04:46.100383+00:00,1543,1287921,088,38.61304473876953,-121.50588989257812,,,,1791335073
2026-10-07T01:04:46.100383+00:00,2874,1288190,106,38.48554229736328,-121.5356674194336,,,,1791335069
2026-10-07T01:04:46.100383+00:00,2235,,,38.56696319580078,-121.47020721435547,,,,1791335073
2026-10-07T01:04:46.100383+00:00,2873,1287703,086,38.57978820800781,-121.5003890991211,,,,1791335071
2026-10-07T01:04:46.100383+00:00,1541,,,38.56998825073242,-121.47090911865234,,,,1791335073
2026-10-07T01:04:46.100383+00:00,2234,1285141,023,38.59837341308594,-121.42008972167969,,,,1791335072
2026-10-07T01:04:46.100383+00:00,2872,1286872,072,38.553768157958984,-121.3726806640625,,,,1791335068
2026-10-07T01:04:46.100383+00:00,1540,1284051,001,38.67851257324219,-121.27339935302734,,,,1791335069
2026-10-07T01:04:46.100383+00:00,2233,1285009,021,38.68918991088867,-121.27176666259766,,,,1791335071
2026-10-07T01:04:46.100383+00:00,2871,1286581,067,38.59990692138672,-121.42628479003906,,,,1791335073
2026-10-07T01:04:46.100383+00:00,1549,1285294,025,38.64371109008789,-121.32792663574219,,,,1791335073
2026-10-07T01:04:46.100383+00:00,1548,,,38.56824493408203,-121.469482421875,,,,1791335070
2026-10-07T01:04:46.100383+00:00,1561,1286723,068,38.502017974853516,-121.43184661865234,,,,1791335072
2026-10-07T01:04:46.100383+00:00,1560,,,38.57954025268555,-121.49065399169922,,,,1791335071
2026-10-07T01:04:46.100383+00:00,2253,1285965,051,38.564666748046875,-121.50181579589844,,,,1791335067
2026-10-07T01:04:46.100383+00:00,2252,,,38.3941535949707,-121.4189224243164,,,,1791335071
2026-10-07T01:04:46.100383+00:00,2251,1285328,025,38.72255325317383,-121.28966522216797,,,,1791335071
2026-10-07T01:04:46.100383+00:00,1558,1285010,021,38.594600677490234,-121.30464172363281,,,,1791335073
2026-10-07T01:04:46.100383+00:00,1557,1287666,086,38.6275634765625,-121.50352478027344,,,,1791335070
2026-10-07T01:04:46.100383+00:00,1556,,,38.51323318481445,-121.53427124023438,,,,1791335071
2026-10-07T01:04:46.100383+00:00,2887,,,38.56947326660156,-121.47012329101562,,,,1791335068
2026-10-07T01:04:46.100383+00:00,2249,1287788,087,38.55824661254883,-121.42837524414062,,,,1791335069
2026-10-07T01:04:46.100383+00:00,1555,,,38.568687438964844,-121.46934509277344,,,,1791335069
2026-10-07T01:04:46.100383+00:00,2248,1287789,087,38.62177658081055,-121.42443084716797,,,,1791335069
2026-10-07T01:04:46.100383+00:00,2247,1286583,067,38.470516204833984,-121.42707824707031,,,,1791335071
2026-10-07T01:04:46.100383+00:00,1554,1288055,093,38.72249984741211,-121.28960418701172,,,,1791335068
2026-10-07T01:04:46.100383+00:00,1553,1284934,019,38.621429443359375,-121.45684814453125,,,,1791335070
2026-10-07T01:04:46.100383+00:00,2246,1286214,056,38.48337173461914,-121.46736907958984,,,,1791335069
2026-10-07T01:04:46.100383+00:00,1551,1285056,021,38.683677673339844,-121.27141571044922,,,,1791335072
2026-10-07T01:04:46.100383+00:00,1559,1284693,013,38.61616516113281,-121.47550964355469,,,,1791335071
2026-10-07T01:04:46.100383+00:00,1572,,,38.647159576416016,-121.38311004638672,,,,1791335072
2026-10-07T01:04:46.100383+00:00,1571,1285806,038,38.57550048828125,-121.47565460205078,,,,1791335069
2026-10-07T01:04:46.100383+00:00,2263,1286740,068,38.547874450683594,-121.46546173095703,,,,1791335071
2026-10-07T01:04:46.100383+00:00,2261,1287702,086,38.63669967651367,-121.45097351074219,,,,1791335072
2026-10-07T01:04:46.100383+00:00,2260,,,38.59596252441406,-121.40592193603516,,,,1791335073
2026-10-07T01:04:46.100383+00:00,1569,1284106,001,38.67935562133789,-121.26721954345703,,,,1791335070
2026-10-07T01:04:46.100383+00:00,1568,1284104,001,38.665401458740234,-121.34134674072266,,,,1791335072
2026-10-07T01:04:46.100383+00:00,1566,1286895,072,38.56965637207031,-121.31787109375,,,,1791335068
2026-10-07T01:04:46.100383+00:00,1565,,,38.56988525390625,-121.4689712524414,,,,1791335070
2026-10-07T01:04:46.100383+00:00,2257,1287514,084,38.551597595214844,-121.3736343383789,,,,1791335072
2026-10-07T01:04:46.100383+00:00,1563,1285897,051,38.50798797607422,-121.43470001220703,,,,1791335068
2026-10-07T01:04:46.100383+00:00,2256,1287412,082,38.63191604614258,-121.35065460205078,,,,1791335072
2026-10-07T01:04:46.100383+00:00,1562,,,38.57638168334961,-121.46564483642578,,,,1791335072
2026-10-07T01:04:46.100383+00:00,2816,,,38.51116180419922,-121.47710418701172,,,,1791335071
2026-10-07T01:04:46.100383+00:00,2813,,,38.58392333984375,-121.4603500366211,,,,1791335068
2026-10-07T01:25:56.106371+00:00,1583,1284388,011,38.53737258911133,-121.50341033935547,,,,1791336334
2026-10-07T01:25:56.106371+00:00,1582,,,38.649253845214844,-121.40886688232422,,,,1791336334
2026-10-07T01:25:56.106371+00:00,1581,1285771,038,38.563232421875,-121.47080993652344,,,,1791336334
2026-10-07T01:25:56.106371+00:00,1612,1284291,010,38.64569091796875,-121.12648010253906,,,,1791336336
2026-10-07T01:25:56.106371+00:00,2821,,,38.570159912109375,-121.4705581665039,,,,1791336332
2026-10-07T01:25:56.106371+00:00,2820,1287180,081,38.495628356933594,-121.50397491455078,,,,1791336333
2026-10-07T01:25:56.106371+00:00,1577,1288287,142,38.582252502441406,-121.50110626220703,,,,1791336335
2026-10-07T01:25:56.106371+00:00,2028,1288408,176,38.57149887084961,-121.2796630859375,,,,1791336331
2026-10-07T01:25:56.106371+00:00,1575,1288250,138,38.53670120239258,-121.76873779296875,,,,1791336331
2026-10-07T01:25:56.106371+00:00,1574,1287673,086,38.63671112060547,-121.44519805908203,,,,1791336331
2026-10-07T01:25:56.106371+00:00,2025,1288386,175,38.54826354980469,-121.2378921508789,,,,1791336331
2026-10-07T01:25:56.106371+00:00,1573,1287513,084,38.553558349609375,-121.37248229980469,,,,1791336332
2026-10-07T01:25:56.106371+00:00,1616,,,38.56953430175781,-121.4704818725586,,,,1791336334
2026-10-07T01:25:56.106371+00:00,1593,1285176,023,38.6102409362793,-121.36993408203125,,,,1791336331
2026-10-07T01:25:56.106371+00:00,1592,1286739,068,38.55314254760742,-121.46940612792969,,,,1791336332
2026-10-07T01:25:56.106371+00:00,1591,1285326,025,38.63868713378906,-121.327880859375,,,,1791336335
2026-10-07T01:25:56.106371+00:00,1590,1288210,124,38.66883850097656,-121.20882415771484,,,,1791336335
2026-10-07T01:25:56.106371+00:00,1503,,,38.485740661621094,-121.53590393066406,,,,1791336331
2026-10-07T01:25:56.106371+00:00,2834,,,38.567108154296875,-121.46965026855469,,,,1791336335
2026-10-07T01:25:56.106371+00:00,1501,,,38.568668365478516,-121.46908569335938,,,,1791336335
2026-10-07T01:25:56.106371+00:00,1589,1288080,093,38.66232681274414,-121.37787628173828,,,,1791336335
2026-10-07T01:25:56.106371+00:00,1587,1286316,061,38.510528564453125,-121.41043090820312,,,,1791336334
2026-10-07T01:25:56.106371+00:00,1586,,,38.64695739746094,-121.41053009033203,,,,1791336332
2026-10-07T01:25:56.106371+00:00,1584,1287217,081,38.496185302734375,-121.46126556396484,,,,1791336331
2026-10-07T01:25:56.106371+00:00,1509,1286722,068,38.5963249206543,-121.42789459228516,,,,1791336333
2026-10-07T01:25:56.106371+00:00,2839,1287787,087,38.552738189697266,-121.42748260498047,,,,1791336333
2026-10-07T01:25:56.106371+00:00,1507,1284362,011,38.541595458984375,-121.48535919189453,,,,1791336333
2026-10-07T01:25:56.106371+00:00,1506,1284826,015,38.6449089050293,-121.38304138183594,,,,1791336331
2026-10-07T01:25:56.106371+00:00,2836,,,38.56713104248047,-121.46961975097656,,,,1791336332
2026-10-07T01:25:56.106371+00:00,1505,1284692,013,38.59626007080078,-121.41447448730469,,,,1791336332
2026-10-07T01:25:56.106371+00:00,2210,1284105,001,38.67963409423828,-121.2671890258789,,,,1791336330
2026-10-07T01:25:56.106371+00:00,1514,,,38.61720657348633,-121.2488784790039,,,,1791336334
2026-10-07T01:25:56.106371+00:00,2206,1287818,087,38.600250244140625,-121.4155044555664,,,,1791336334
2026-10-07T01:25:56.106371+00:00,2601,,,38.574188232421875,-121.30567932128906,,,,1791336335
2026-10-07T01:25:56.106371+00:00,1512,1284276,010,38.67416763305664,-121.17300415039062,,,,1791336334
2026-10-07T01:25:56.106371+00:00,2843,1284389,011,38.59727478027344,-121.49755859375,,,,1791336332
2026-10-07T01:25:56.106371+00:00,2205,1285898,051,38.58462142944336,-121.49447631835938,,,,1791336334
2026-10-07T01:25:56.106371+00:00,2204,1285591,030,38.57497787475586,-121.4729995727539,,,,1791336333
2026-10-07T01:25:56.106371+00:00,1510,,,38.60419464111328,-121.43447875976562,,,,1791336333
2026-10-07T01:25:56.106371+00:00,2203,1285555,030,38.56449508666992,-121.42620849609375,,,,1791336331
2026-10-07T01:25:56.106371+00:00,2202,1286596,067,38.50856018066406,-121.46611785888672,,,,1791336335
2026-10-07T01:25:56.106371+00:00,2201,1286597,067,38.473167419433594,-121.42733001708984,,,,1791336336
2026-10-07T01:25:56.106371+00:00,1595,1288209,124,38.592525482177734,-121.27068328857422,,,,1791336331
2026-10-07T01:25:56.106371+00:00,1519,,,38.5700569152832,-121.47039794921875,,,,1791336334
2026-10-07T01:25:56.106371+00:00,2849,1284100,001,38.64645004272461,-121.36186218261719,,,,1791336332
2026-10-07T01:25:56.106371+00:00,1518,1288104,093,38.707481384277344,-121.29025268554688,,,,1791336333
2026-10-07T01:25:56.106371+00:00,1517,1285325,025,38.61791229248047,-121.40083312988281,,,,1791336333
2026-10-07T01:25:56.106371+00:00,2847,,,38.56716537475586,-121.46961212158203,,,,1791336333
2026-10-07T01:25:56.106371+00:00,1516,1285140,023,38.6100959777832,-121.34591674804688,,,,1791336334
2026-10-07T01:25:56.106371+00:00,2604,,,38.64583969116211,-121.38294219970703,,,,1791336335
2026-10-07T01:25:56.106371+00:00,1515,,,38.568233489990234,-121.46929931640625,,,,1791336335
2026-10-07T01:25:56.106371+00:00,2221,1285963,051,38.581974029541016,-121.497314453125,,,,1791336334
2026-10-07T01:25:56.106371+00:00,2220,1285449,026,38.55408477783203,-121.41289520263672,,,,1791336336
2026-10-07T01:25:56.106371+00:00,2218,1285418,026,38.650550842285156,-121.38312530517578,,,,1791336335
2026-10-07T01:25:56.106371+00:00,1525,1285896,051,38.525367736816406,-121.44273376464844,,,,1791336331
2026-10-07T01:25:56.106371+00:00,2217,1286215,056,38.481258392333984,-121.5000991821289,,,,1791336333
2026-10-07T01:25:56.106371+00:00,1524,1286464,062,38.57636642456055,-121.48779296875,,,,1791336333
2026-10-07T01:25:56.106371+00:00,2854,1286492,062,38.48368453979492,-121.51872253417969,,,,1791336331
2026-10-07T01:25:56.106371+00:00,2216,1288081,093,38.72228240966797,-121.28960418701172,,,,1791336330
2026-10-07T01:25:56.106371+00:00,2215,1285057,021,38.67858123779297,-121.26851654052734,,,,1791336331
2026-10-07T01:25:56.106371+00:00,2853,1287218,081,38.449378967285156,-121.52348327636719,,,,1791336334
2026-10-07T01:25:56.106371+00:00,1521,1284821,015,38.61846160888672,-121.4461441040039,,,,1791336332
2026-10-07T01:25:56.106371+00:00,2214,1285450,026,38.653968811035156,-121.38282012939453,,,,1791336331
2026-10-07T01:25:56.106371+00:00,1520,,,38.569602966308594,-121.47058868408203,,,,1791336183
2026-10-07T01:25:56.106371+00:00,2213,1284672,013,38.6063232421875,-121.45677947998047,,,,1791336335
2026-10-07T01:25:56.106371+00:00,2850,,,38.64552688598633,-121.3777084350586,,,,1791336332
2026-10-07T01:25:56.106371+00:00,1806,,,38.56980514526367,-121.46920776367188,,,,1791335862
2026-10-07T01:25:56.106371+00:00,1527,,,38.56977081298828,-121.46953582763672,,,,1791336334
2026-10-07T01:25:56.106371+00:00,2857,,,38.42966842651367,-121.48790740966797,,,,1791336332
2026-10-07T01:25:56.106371+00:00,1526,1287234,081,38.49777603149414,-121.47357940673828,,,,1791336332
2026-10-07T01:25:56.106371+00:00,2232,1286180,056,38.481536865234375,-121.47948455810547,,,,1791336334
2026-10-07T01:25:56.106371+00:00,2230,1287410,082,38.568599700927734,-121.42422485351562,,,,1791336332
2026-10-07T01:25:56.106371+00:00,1536,,,38.567508697509766,-121.46945190429688,,,,1791336332
2026-10-07T01:25:56.106371+00:00,2229,1285994,051,38.500308990478516,-121.4312744140625,,,,1791336332
2026-10-07T01:25:56.106371+00:00,2227,1285177,023,38.67820739746094,-121.27838897705078,,,,1791336332
2026-10-07T01:25:56.106371+00:00,2226,1285139,023,38.6483039855957,-121.29202270507812,,,,1791336331
2026-10-07T01:25:56.106371+00:00,1533,1286849,072,38.55398941040039,-121.37244415283203,,,,1791336334
2026-10-07T01:25:56.106371+00:00,2864,1287544,084,38.63558578491211,-121.38308715820312,,,,1791336335
2026-10-07T01:25:56.106371+00:00,1532,1284391,011,38.592811584472656,-121.49252319335938,,,,1791336335
2026-10-07T01:25:56.106371+00:00,2225,1287516,084,38.71305847167969,-121.39226531982422,,,,1791336332
2026-10-07T01:25:56.106371+00:00,1531,,,38.56763458251953,-121.4694595336914,,,,1791336334
2026-10-07T01:25:56.106371+00:00,1530,,,38.58399200439453,-121.49923706054688,,,,1791336332
2026-10-07T01:25:56.106371+00:00,2223,,,38.567203521728516,-121.46979522705078,,,,1791336330
2026-10-07T01:25:56.106371+00:00,2860,1286345,061,38.52490997314453,-121.46333312988281,,,,1791336336
2026-10-07T01:25:56.106371+00:00,2222,1287183,081,38.52464294433594,-121.4274673461914,,,,1791336335
2026-10-07T01:25:56.106371+00:00,1539,1286318,061,38.485595703125,-121.5357666015625,,,,1791336335
2026-10-07T01:25:56.106371+00:00,1538,1287411,082,38.627960205078125,-121.38286590576172,,,,1791336334
2026-10-07T01:25:56.106371+00:00,1537,1284392,011,38.66817855834961,-121.50768280029297,,,,1791336289
2026-10-07T01:25:56.106371+00:00,2243,,,38.64826202392578,-121.3836669921875,,,,1791336334
2026-10-07T01:25:56.106371+00:00,1550,1287515,084,38.67888259887695,-121.38121032714844,,,,1791336331
2026-10-07T01:25:56.106371+00:00,2880,1287374,082,38.61104965209961,-121.38310241699219,,,,1791336333
2026-10-07T01:25:56.106371+00:00,2242,1287545,084,38.560943603515625,-121.35985565185547,,,,1791336332
2026-10-07T01:25:56.106371+00:00,2241,1285419,026,38.5738639831543,-121.4016342163086,,,,1791336333
2026-10-07T01:25:56.106371+00:00,2240,,,38.56694030761719,-121.47026062011719,,,,1791336332
2026-10-07T01:25:56.106371+00:00,2239,,,38.56693649291992,-121.46989440917969,,,,1791336331
2026-10-07T01:25:56.106371+00:00,2238,,,38.566978454589844,-121.46975708007812,,,,1791336200
2026-10-07T01:25:56.106371+00:00,2876,,,38.56740951538086,-121.46949768066406,,,,1791336331
2026-10-07T01:25:56.106371+00:00,2237,1287233,081,38.55085372924805,-121.42790222167969,,,,1791336333
2026-10-07T01:25:56.106371+00:00,2874,1286441,062,38.51411819458008,-121.50981140136719,,,,1791336334
2026-10-07T01:25:56.106371+00:00,1543,1287949,088,38.57867431640625,-121.4962387084961,,,,1791336332
2026-10-07T01:25:56.106371+00:00,2235,,,38.56696319580078,-121.47020721435547,,,,1791336214
2026-10-07T01:25:56.106371+00:00,2873,1287703,086,38.62957763671875,-121.47590637207031,,,,1791336332
2026-10-07T01:25:56.106371+00:00,1541,,,38.56998825073242,-121.47091674804688,,,,1791336333
2026-10-07T01:25:56.106371+00:00,2234,1285175,023,38.6063232421875,-121.45677947998047,,,,1791336335
2026-10-07T01:25:56.106371+00:00,2872,1286894,072,38.56193161010742,-121.33271789550781,,,,1791336333
2026-10-07T01:25:56.106371+00:00,1540,1284051,001,38.65399169921875,-121.35065460205078,,,,1791336335
2026-10-07T01:25:56.106371+00:00,2233,1285009,021,38.64404296875,-121.2704849243164,,,,1791336333
2026-10-07T01:25:56.106371+00:00,2871,1286595,067,38.58753967285156,-121.44731140136719,,,,1791336331
2026-10-07T01:25:56.106371+00:00,1549,1285294,025,38.61807632446289,-121.40233612060547,,,,1791336331
2026-10-07T01:25:56.106371+00:00,1548,,,38.5684814453125,-121.46947479248047,,,,1791336331
2026-10-07T01:25:56.106371+00:00,1561,1286723,068,38.539451599121094,-121.45655822753906,,,,1791336330
2026-10-07T01:25:56.106371+00:00,1560,,,38.569725036621094,-121.46926879882812,,,,1791336334
2026-10-07T01:25:56.106371+00:00,2253,1285965,051,38.524776458740234,-121.44264221191406,,,,1791336334
2026-10-07T01:25:56.106371+00:00,2252,,,38.55310821533203,-121.46997833251953,,,,1791336333
2026-10-07T01:25:56.106371+00:00,2251,1285293,025,38.6680793762207,-121.31737518310547,,,,1791336334
2026-10-07T01:25:56.106371+00:00,1558,1285058,021,38.60200881958008,-121.29962158203125,,,,1791336332
2026-10-07T01:25:56.106371+00:00,1557,1287704,086,38.579586029052734,-121.49124145507812,,,,1791336331
2026-10-07T01:25:56.106371+00:00,1556,,,38.5826530456543,-121.50309753417969,,,,1791336332
2026-10-07T01:25:56.106371+00:00,2887,,,38.56947326660156,-121.47012329101562,,,,1791335871
2026-10-07T01:25:56.106371+00:00,2249,1287788,087,38.60345458984375,-121.41531372070312,,,,1791336332
2026-10-07T01:25:56.106371+00:00,1555,,,38.568687438964844,-121.46934509277344,,,,1791335910
2026-10-07T01:25:56.106371+00:00,2248,1287789,087,38.62323760986328,-121.42454528808594,,,,1791336336
2026-10-07T01:25:56.106371+00:00,2247,1286583,067,38.50928497314453,-121.4663314819336,,,,1791336330
2026-10-07T01:25:56.106371+00:00,1554,1288055,093,38.67361831665039,-121.3548812866211,,,,1791336334
2026-10-07T01:25:56.106371+00:00,1553,1284934,019,38.69109344482422,-121.45316314697266,,,,1791336334
2026-10-07T01:25:56.106371+00:00,2246,1286214,056,38.46855926513672,-121.42256927490234,,,,1791336333
2026-10-07T01:25:56.106371+00:00,2244,,,38.57012939453125,-121.47085571289062,,,,1791336335
2026-10-07T01:25:56.106371+00:00,1551,1285056,021,38.72246170043945,-121.28960418701172,,,,1791336336
2026-10-07T01:25:56.106371+00:00,2808,,,38.56892013549805,-121.46928405761719,,,,1791336331
2026-10-07T01:25:56.106371+00:00,1559,1284693,013,38.656124114990234,-121.52139282226562,,,,1791336333
2026-10-07T01:25:56.106371+00:00,1572,1284103,001,38.67793655395508,-121.31627655029297,,,,1791336332
2026-10-07T01:25:56.106371+00:00,1571,1285806,038,38.54667663574219,-121.4414291381836,,,,1791336334
2026-10-07T01:25:56.106371+00:00,2263,1286740,068,38.51041793823242,-121.44273376464844,,,,1791336331
2026-10-07T01:25:56.106371+00:00,2261,1287702,086,38.62239074707031,-121.42384338378906,,,,1791336334
2026-10-07T01:25:56.106371+00:00,2260,,,38.60367202758789,-121.4350814819336,,,,1791336335
2026-10-07T01:25:56.106371+00:00,1569,1284052,001,38.67856979370117,-121.32168579101562,,,,1791336332
2026-10-07T01:25:56.106371+00:00,1568,1284104,001,38.67837142944336,-121.27232360839844,,,,1791336336
2026-10-07T01:25:56.106371+00:00,1566,1286848,072,38.573177337646484,-121.31266021728516,,,,1791336335
2026-10-07T01:25:56.106371+00:00,2257,1287514,084,38.60285568237305,-121.39221954345703,,,,1791336335
2026-10-07T01:25:56.106371+00:00,1563,1285897,051,38.55826950073242,-121.47972869873047,,,,1791336335
2026-10-07T01:25:56.106371+00:00,2256,1287412,082,38.649871826171875,-121.35066986083984,,,,1791336334
2026-10-07T01:25:56.106371+00:00,1562,,,38.648841857910156,-121.4089126586914,,,,1791336335
2026-10-07T01:25:56.106371+00:00,2816,,,38.51285171508789,-121.48323822021484,,,,1791336336
2026-10-07T01:25:56.106371+00:00,2815,,,38.56954574584961,-121.47061157226562,,,,1791336331
2026-10-07T01:25:56.106371+00:00,2813,,,38.64955139160156,-121.4075698852539,,,,1791336331
2026-10-07T01:45:46.665566+00:00,1583,1284388,011,38.58322525024414,-121.49507141113281,,,,1791337536
2026-10-07T01:45:46.665566+00:00,1582,,,38.64957809448242,-121.40746307373047,,,,1791337536
2026-10-07T01:45:46.665566+00:00,1581,1285771,038,38.584415435791016,-121.50004577636719,,,,1791337534
2026-10-07T01:45:46.665566+00:00,1612,1284291,010,38.67367172241211,-121.17240905761719,,,,1791337533
2026-10-07T01:45:46.665566+00:00,2821,,,38.56707000732422,-121.46968078613281,,,,1791337537
2026-10-07T01:45:46.665566+00:00,2820,1287180,081,38.49610900878906,-121.4383773803711,,,,1791337533
2026-10-07T01:45:46.665566+00:00,1577,1288268,142,38.668365478515625,-121.5411376953125,,,,1791337534
2026-10-07T01:45:46.665566+00:00,2028,1288482,177,38.582672119140625,-121.27532196044922,,,,1791337536
2026-10-07T01:45:46.665566+00:00,1575,1288250,138,38.57504653930664,-121.5574722290039,,,,1791337533
2026-10-07T01:45:46.665566+00:00,1574,1287673,086,38.625545501708984,-121.50961303710938,,,,1791337533
2026-10-07T01:45:46.665566+00:00,2025,1288393,175,38.584510803222656,-121.26313018798828,,,,1791337535
2026-10-07T01:45:46.665566+00:00,1573,1287513,084,38.59999465942383,-121.3922119140625,,,,1791337537
2026-10-07T01:45:46.665566+00:00,1616,,,38.569576263427734,-121.47061157226562,,,,1791337534
2026-10-07T01:45:46.665566+00:00,1593,1285176,023,38.63325500488281,-121.32805633544922,,,,1791337534
2026-10-07T01:45:46.665566+00:00,1592,1286739,068,38.51042175292969,-121.44203186035156,,,,1791337537
2026-10-07T01:45:46.665566+00:00,1591,1285326,025,38.69910430908203,-121.29016876220703,,,,1791337534
2026-10-07T01:45:46.665566+00:00,1590,,,38.679664611816406,-121.26719665527344,,,,1791337538
2026-10-07T01:45:46.665566+00:00,1503,,,38.48573303222656,-121.53590393066406,,,,1791337535
2026-10-07T01:45:46.665566+00:00,2834,,,38.57011413574219,-121.47014617919922,,,,1791337538
2026-10-07T01:45:46.665566+00:00,1589,1288080,093,38.707305908203125,-121.31494903564453,,,,1791337533
2026-10-07T01:45:46.665566+00:00,1587,1286316,061,38.52500915527344,-121.47114562988281,,,,1791337537
2026-10-07T01:45:46.665566+00:00,1586,,,38.64958190917969,-121.40740203857422,,,,1791337536
2026-10-07T01:45:46.665566+00:00,1584,,,38.50441360473633,-121.53718566894531,,,,1791337533
2026-10-07T01:45:46.665566+00:00,1509,,,38.56840133666992,-121.4692611694336,,,,1791337537
2026-10-07T01:45:46.665566+00:00,2839,1287787,087,38.582191467285156,-121.41535949707031,,,,1791337533
2026-10-07T01:45:46.665566+00:00,1507,1284362,011,38.54132843017578,-121.48527526855469,,,,1791337536
2026-10-07T01:45:46.665566+00:00,1506,1284786,015,38.62368392944336,-121.4462890625,,,,1791337535
2026-10-07T01:45:46.665566+00:00,2836,,,38.567138671875,-121.46961975097656,,,,1791337536
2026-10-07T01:45:46.665566+00:00,1505,1284692,013,38.60639953613281,-121.45587921142578,,,,1791337533
2026-10-07T01:45:46.665566+00:00,2210,1284087,001,38.6663932800293,-121.340576171875,,,,1791337533
2026-10-07T01:45:46.665566+00:00,1514,,,38.56827163696289,-121.46929931640625,,,,1791337534
2026-10-07T01:45:46.665566+00:00,2206,1287818,087,38.553077697753906,-121.4278793334961,,,,1791337533
2026-10-07T01:45:46.665566+00:00,2601,,,38.573001861572266,-121.30682373046875,,,,1791337535
2026-10-07T01:45:46.665566+00:00,1512,1284276,010,38.65727615356445,-121.12699127197266,,,,1791337536
2026-10-07T01:45:46.665566+00:00,2843,1284389,011,38.652587890625,-121.51162719726562,,,,1791337534
2026-10-07T01:45:46.665566+00:00,2205,1285590,030,38.5811882019043,-121.49703216552734,,,,1791337536
2026-10-07T01:45:46.665566+00:00,2204,,,38.569984436035156,-121.46949005126953,,,,1791337538
2026-10-07T01:45:46.665566+00:00,1510,,,38.57114791870117,-121.46864318847656,,,,1791337538
2026-10-07T01:45:46.665566+00:00,2203,1285555,030,38.57880783081055,-121.49626159667969,,,,1791337533
2026-10-07T01:45:46.665566+00:00,2202,1286596,067,38.463157653808594,-121.41397857666016,,,,1791337536
2026-10-07T01:45:46.665566+00:00,2201,1286597,067,38.452945709228516,-121.41847229003906,,,,1791337534
2026-10-07T01:45:46.665566+00:00,1595,1288209,124,38.678340911865234,-121.26219177246094,,,,1791337537
2026-10-07T01:45:46.665566+00:00,1519,,,38.568058013916016,-121.46939086914062,,,,1791337454
2026-10-07T01:45:46.665566+00:00,2849,1284100,001,38.678157806396484,-121.28921508789062,,,,1791337537
2026-10-07T01:45:46.665566+00:00,1518,1285292,025,38.698299407958984,-121.29044342041016,,,,1791337533
2026-10-07T01:45:46.665566+00:00,1517,1285325,025,38.62652587890625,-121.32826232910156,,,,1791337536
2026-10-07T01:45:46.665566+00:00,1516,1285140,023,38.60015869140625,-121.42791748046875,,,,1791337534
2026-10-07T01:45:46.665566+00:00,2604,,,38.64583969116211,-121.38294219970703,,,,1791337537
2026-10-07T01:45:46.665566+00:00,2221,1285963,051,38.5513916015625,-121.46849060058594,,,,1791337536
2026-10-07T01:45:46.665566+00:00,2220,1285449,026,38.618553161621094,-121.40148162841797,,,,1791337537
2026-10-07T01:45:46.665566+00:00,2218,1285418,026,38.58882141113281,-121.40161895751953,,,,1791337532
2026-10-07T01:45:46.665566+00:00,1525,1285896,051,38.56214904785156,-121.49430084228516,,,,1791337535
2026-10-07T01:45:46.665566+00:00,1524,,,38.56791305541992,-121.46945190429688,,,,1791337536
2026-10-07T01:45:46.665566+00:00,2217,1286215,056,38.47416305541992,-121.4339370727539,,,,1791337534
2026-10-07T01:45:46.665566+00:00,2216,1285008,021,38.67851638793945,-121.27131652832031,,,,1791337535
2026-10-07T01:45:46.665566+00:00,2854,1286216,056,38.48389434814453,-121.5235824584961,,,,1791337536
2026-10-07T01:45:46.665566+00:00,1522,,,38.5679931640625,-121.46944427490234,,,,1791337534
2026-10-07T01:45:46.665566+00:00,2215,1285057,021,38.72206115722656,-121.29020690917969,,,,1791337533
2026-10-07T01:45:46.665566+00:00,2853,1287218,081,38.47573471069336,-121.48399353027344,,,,1791337534
2026-10-07T01:45:46.665566+00:00,1521,,,38.64397048950195,-121.38336944580078,,,,1791337533
2026-10-07T01:45:46.665566+00:00,2214,1285450,026,38.71441650390625,-121.39152526855469,,,,1791337535
2026-10-07T01:45:46.665566+00:00,2213,1284672,013,38.606754302978516,-121.38369750976562,,,,1791337534
2026-10-07T01:45:46.665566+00:00,2850,1286594,067,38.59941864013672,-121.42689514160156,,,,1791337535
2026-10-07T01:45:46.665566+00:00,1805,,,38.595272064208984,-121.48326110839844,,,,1791337417
2026-10-07T01:45:46.665566+00:00,1528,,,38.56772994995117,-121.46954345703125,,,,1791337536
2026-10-07T01:45:46.665566+00:00,1527,,,38.56777572631836,-121.4695053100586,,,,1791337311
2026-10-07T01:45:46.665566+00:00,1526,,,38.51036071777344,-121.5419921875,,,,1791337533
2026-10-07T01:45:46.665566+00:00,2857,,,38.5672607421875,-121.4696044921875,,,,1791337534
2026-10-07T01:45:46.665566+00:00,2232,1286459,062,38.486473083496094,-121.53269958496094,,,,1791337535
2026-10-07T01:45:46.665566+00:00,2231,,,38.5671272277832,-121.46980285644531,,,,1791337534
2026-10-07T01:45:46.665566+00:00,2230,1287410,082,38.605186462402344,-121.38697052001953,,,,1791337535
2026-10-07T01:45:46.665566+00:00,1536,,,38.567508697509766,-121.46945190429688,,,,1791337537
2026-10-07T01:45:46.665566+00:00,2229,1285894,051,38.500362396240234,-121.43217468261719,,,,1791337533
2026-10-07T01:45:46.665566+00:00,2227,1285138,023,38.67847442626953,-121.27421569824219,,,,1791337536
2026-10-07T01:45:46.665566+00:00,2226,1285139,023,38.61005401611328,-121.3422622680664,,,,1791337537
2026-10-07T01:45:46.665566+00:00,1533,1286893,072,38.547061920166016,-121.36974334716797,,,,1791337537
2026-10-07T01:45:46.665566+00:00,2864,1287544,084,38.59246826171875,-121.38314819335938,,,,1791337536
2026-10-07T01:45:46.665566+00:00,1532,1284391,011,38.64174270629883,-121.50849914550781,,,,1791337534
2026-10-07T01:45:46.665566+00:00,2225,1285417,026,38.67567443847656,-121.38304138183594,,,,1791337534
2026-10-07T01:45:46.665566+00:00,1531,,,38.56857681274414,-121.46925354003906,,,,1791337537
2026-10-07T01:45:46.665566+00:00,1530,,,38.56839370727539,-121.47008514404297,,,,1791337537
2026-10-07T01:45:46.665566+00:00,2223,,,38.57006072998047,-121.47136688232422,,,,1791337537
2026-10-07T01:45:46.665566+00:00,2860,1286345,061,38.502567291259766,-121.41915893554688,,,,1791337538
2026-10-07T01:45:46.665566+00:00,2222,1287232,081,38.552791595458984,-121.42720794677734,,,,1791337536
2026-10-07T01:45:46.665566+00:00,1539,1286344,061,38.52420425415039,-121.51119995117188,,,,1791337533
2026-10-07T01:45:46.665566+00:00,1538,1287411,082,38.65237045288086,-121.35581970214844,,,,1791337535
2026-10-07T01:45:46.665566+00:00,1537,,,38.668174743652344,-121.5076675415039,,,,1791337537
2026-10-07T01:45:46.665566+00:00,2243,1284102,001,38.65652847290039,-121.35043334960938,,,,1791337534
2026-10-07T01:45:46.665566+00:00,1550,1287515,084,38.71527099609375,-121.39016723632812,,,,1791337537
2026-10-07T01:45:46.665566+00:00,2880,1287374,082,38.581695556640625,-121.41510009765625,,,,1791337534
2026-10-07T01:45:46.665566+00:00,2242,1287545,084,38.55351638793945,-121.37247467041016,,,,1791337535
2026-10-07T01:45:46.665566+00:00,2241,1285419,026,38.552703857421875,-121.42716979980469,,,,1791337536
2026-10-07T01:45:46.665566+00:00,2240,,,38.56694030761719,-121.47026062011719,,,,1791337056
2026-10-07T01:45:46.665566+00:00,2239,,,38.56693649291992,-121.46989440917969,,,,1791337083
2026-10-07T01:45:46.665566+00:00,2876,,,38.567413330078125,-121.46951293945312,,,,1791337536
2026-10-07T01:45:46.665566+00:00,2237,1287233,081,38.496150970458984,-121.45909118652344,,,,1791337533
2026-10-07T01:45:46.665566+00:00,2874,1286441,062,38.577823638916016,-121.49327850341797,,,,1791337536
2026-10-07T01:45:46.665566+00:00,1543,1287949,088,38.606319427490234,-121.45626068115234,,,,1791337535
2026-10-07T01:45:46.665566+00:00,2873,1287703,086,38.62526321411133,-121.42540740966797,,,,1791337534
2026-10-07T01:45:46.665566+00:00,1541,,,38.57001495361328,-121.47098541259766,,,,1791337533
2026-10-07T01:45:46.665566+00:00,2234,1285175,023,38.61074447631836,-121.41067504882812,,,,1791337535
2026-10-07T01:45:46.665566+00:00,2872,1286873,072,38.58427810668945,-121.3116226196289,,,,1791337533
2026-10-07T01:45:46.665566+00:00,1540,,,38.64748764038086,-121.3834228515625,,,,1791337535
2026-10-07T01:45:46.665566+00:00,2233,1285009,021,38.58369064331055,-121.31124114990234,,,,1791337535
2026-10-07T01:45:46.665566+00:00,2871,1286595,067,38.53358840942383,-121.46856689453125,,,,1791337537
2026-10-07T01:45:46.665566+00:00,1549,1285294,025,38.62262725830078,-121.42463684082031,,,,1791337536
2026-10-07T01:45:46.665566+00:00,1548,,,38.5684814453125,-121.46947479248047,,,,1791336974
2026-10-07T01:45:46.665566+00:00,1561,1286723,068,38.58256149291992,-121.46220397949219,,,,1791337537
2026-10-07T01:45:46.665566+00:00,1560,,,38.569725036621094,-121.46926879882812,,,,1791337535
2026-10-07T01:45:46.665566+00:00,2253,1285965,051,38.50014114379883,-121.43450927734375,,,,1791337534
2026-10-07T01:45:46.665566+00:00,2252,1288231,137,38.55241394042969,-121.45333862304688,,,,1791337533
2026-10-07T01:45:46.665566+00:00,2251,1285293,025,38.61745071411133,-121.34500885009766,,,,1791337535
2026-10-07T01:45:46.665566+00:00,1558,1285058,021,38.66600036621094,-121.2720947265625,,,,1791337537
2026-10-07T01:45:46.665566+00:00,1557,1287704,086,38.627418518066406,-121.49398803710938,,,,1791337535
2026-10-07T01:45:46.665566+00:00,1556,1286480,062,38.582061767578125,-121.50028991699219,,,,1791337537
2026-10-07T01:45:46.665566+00:00,2249,1287788,087,38.623069763183594,-121.4244384765625,,,,1791337537
2026-10-07T01:45:46.665566+00:00,2248,1287817,087,38.62177658081055,-121.42443084716797,,,,1791337537
2026-10-07T01:45:46.665566+00:00,1554,,,38.598854064941406,-121.44214630126953,,,,1791337533
2026-10-07T01:45:46.665566+00:00,2247,1286583,067,38.55427932739258,-121.4758071899414,,,,1791337533
2026-10-07T01:45:46.665566+00:00,1553,1284934,019,38.714576721191406,-121.39191436767578,,,,1791337533
2026-10-07T01:45:46.665566+00:00,2246,1286181,056,38.474334716796875,-121.42850494384766,,,,1791337533
2026-10-07T01:45:46.665566+00:00,2244,,,38.56695556640625,-121.47025299072266,,,,1791337534
2026-10-07T01:45:46.665566+00:00,1551,1288054,093,38.70751953125,-121.2958984375,,,,1791337533
2026-10-07T01:45:46.665566+00:00,2808,,,38.56822967529297,-121.4695053100586,,,,1791337534
2026-10-07T01:45:46.665566+00:00,1559,1284671,013,38.65581130981445,-121.52442169189453,,,,1791337534
2026-10-07T01:45:46.665566+00:00,1572,1284103,001,38.67930221557617,-121.26721954345703,,,,1791337532
2026-10-07T01:45:46.665566+00:00,1571,1285806,038,38.5528450012207,-121.4266357421875,,,,1791337534
2026-10-07T01:45:46.665566+00:00,2263,1286740,068,38.481666564941406,-121.42160034179688,,,,1791337537
2026-10-07T01:45:46.665566+00:00,2261,1287674,086,38.636138916015625,-121.42984771728516,,,,1791337532
2026-10-07T01:45:46.665566+00:00,2260,,,38.56711196899414,-121.47003936767578,,,,1791337533
2026-10-07T01:45:46.665566+00:00,1569,1284052,001,38.660282135009766,-121.34774017333984,,,,1791337533
2026-10-07T01:45:46.665566+00:00,1568,1284053,001,38.67856216430664,-121.2693862915039,,,,1791337536
2026-10-07T01:45:46.665566+00:00,1566,1286848,072,38.551422119140625,-121.3733139038086,,,,1791337533
2026-10-07T01:45:46.665566+00:00,2257,1287514,084,38.65440368652344,-121.38282012939453,,,,1791337535
2026-10-07T01:45:46.665566+00:00,1563,1285897,051,38.58493423461914,-121.49435424804688,,,,1791337533
2026-10-07T01:45:46.665566+00:00,2256,1287373,082,38.63121795654297,-121.35537719726562,,,,1791337532
2026-10-07T01:45:46.665566+00:00,1562,,,38.649593353271484,-121.40753173828125,,,,1791337535
2026-10-07T01:45:46.665566+00:00,2816,,,38.534088134765625,-121.48323822021484,,,,1791337535
2026-10-07T01:45:46.665566+00:00,2815,,,38.56953811645508,-121.4706039428711,,,,1791337537
2026-10-07T01:45:46.665566+00:00,2813,,,38.63774108886719,-121.4020004272461,,,,1791337532
2026-10-07T02:01:21.822371+00:00,1583,1284388,011,38.61851119995117,-121.49776458740234,,,,1791338465
2026-10-07T02:01:21.822371+00:00,1582,,,38.631954193115234,-121.39752960205078,,,,1791338469
2026-10-07T02:01:21.822371+00:00,1581,1285801,038,38.58038330078125,-121.4940414428711,,,,1791338466
2026-10-07T02:01:21.822371+00:00,1612,1284291,010,38.676307678222656,-121.19840240478516,,,,1791338468
2026-10-07T02:01:21.822371+00:00,2821,,,38.56705856323242,-121.46968841552734,,,,1791337853
2026-10-07T02:01:21.822371+00:00,2820,1287180,081,38.55405807495117,-121.42689514160156,,,,1791338460
2026-10-07T02:01:21.822371+00:00,1577,1288286,142,38.631446838378906,-121.52030944824219,,,,1791338469
2026-10-07T02:01:21.822371+00:00,2028,1288481,177,38.5834846496582,-121.27550506591797,,,,1791338469
2026-10-07T02:01:21.822371+00:00,1575,1288250,138,38.55234909057617,-121.45286560058594,,,,1791338467
2026-10-07T02:01:21.822371+00:00,2025,,,38.55673599243164,-121.39641571044922,,,,1791338467
2026-10-07T02:01:21.822371+00:00,1574,1287673,086,38.58163833618164,-121.49854278564453,,,,1791338469
2026-10-07T02:01:21.822371+00:00,1573,1287513,084,38.645790100097656,-121.38298034667969,,,,1791338468
2026-10-07T02:01:21.822371+00:00,1616,,,38.569557189941406,-121.47005462646484,,,,1791338468
2026-10-07T02:01:21.822371+00:00,1593,1285176,023,38.678157806396484,-121.29188537597656,,,,1791338465
2026-10-07T02:01:21.822371+00:00,1592,1286739,068,38.47596740722656,-121.41984558105469,,,,1791338466
2026-10-07T02:01:21.822371+00:00,1591,1285326,025,38.7226448059082,-121.28961944580078,,,,1791338467
2026-10-07T02:01:21.822371+00:00,1590,,,38.679664611816406,-121.26719665527344,,,,1791338465
2026-10-07T02:01:21.822371+00:00,1503,,,38.4857292175293,-121.5359115600586,,,,1791338466
2026-10-07T02:01:21.822371+00:00,2834,,,38.56709671020508,-121.46961212158203,,,,1791338465
2026-10-07T02:01:21.822371+00:00,1589,1288080,093,38.7222785949707,-121.28960418701172,,,,1791338468
2026-10-07T02:01:21.822371+00:00,1587,1286316,061,38.51482391357422,-121.52745819091797,,,,1791338468
2026-10-07T02:01:21.822371+00:00,1586,,,38.63277816772461,-121.39546966552734,,,,1791338465
2026-10-07T02:01:21.822371+00:00,1584,,,38.58478927612305,-121.49449157714844,,,,1791338468
2026-10-07T02:01:21.822371+00:00,1509,,,38.57017135620117,-121.46981048583984,,,,1791338449
2026-10-07T02:01:21.822371+00:00,2839,1287787,087,38.62500762939453,-121.42498016357422,,,,1791338468
2026-10-07T02:01:21.822371+00:00,1507,1284384,011,38.55522918701172,-121.50074768066406,,,,1791338467
2026-10-07T02:01:21.822371+00:00,1506,,,38.59029006958008,-121.44609069824219,,,,1791338468
2026-10-07T02:01:21.822371+00:00,2836,,,38.567142486572266,-121.46961975097656,,,,1791338468
2026-10-07T02:01:21.822371+00:00,1505,1284692,013,38.6297607421875,-121.47626495361328,,,,1791338466
2026-10-07T02:01:21.822371+00:00,2210,1284087,001,38.6444091796875,-121.38310241699219,,,,1791338467
2026-10-07T02:01:21.822371+00:00,1514,,,38.56827163696289,-121.46929931640625,,,,1791338468
2026-10-07T02:01:21.822371+00:00,2206,1287786,087,38.55315017700195,-121.42644500732422,,,,1791338466
2026-10-07T02:01:21.822371+00:00,2601,,,38.56779861450195,-121.34459686279297,,,,1791338466
2026-10-07T02:01:21.822371+00:00,1512,1284276,010,38.64425277709961,-121.19081115722656,,,,1791338467
2026-10-07T02:01:21.822371+00:00,2843,1284389,011,38.665916442871094,-121.51445770263672,,,,1791338467
2026-10-07T02:01:21.822371+00:00,2205,1285590,030,38.569271087646484,-121.45208740234375,,,,1791338465
2026-10-07T02:01:21.822371+00:00,2204,,,38.57026672363281,-121.47064208984375,,,,1791338465
2026-10-07T02:01:21.822371+00:00,1510,,,38.54124450683594,-121.48527526855469,,,,1791338466
2026-10-07T02:01:21.822371+00:00,2203,1285555,030,38.58460998535156,-121.50020599365234,,,,1791338464
2026-10-07T02:01:21.822371+00:00,2202,1286585,067,38.452735900878906,-121.41993713378906,,,,1791338467
2026-10-07T02:01:21.822371+00:00,2201,1286725,068,38.468563079833984,-121.42650604248047,,,,1791338466
2026-10-07T02:01:21.822371+00:00,1595,,,38.672237396240234,-121.20226287841797,,,,1791338469
2026-10-07T02:01:21.822371+00:00,2849,1284100,001,38.67940139770508,-121.2672119140625,,,,1791338470
2026-10-07T02:01:21.822371+00:00,1518,1285292,025,38.64850616455078,-121.32789611816406,,,,1791338469
2026-10-07T02:01:21.822371+00:00,1517,1285325,025,38.67709732055664,-121.31039428710938,,,,1791338469
2026-10-07T02:01:21.822371+00:00,1516,1285174,023,38.60641098022461,-121.44402313232422,,,,1791338468
2026-10-07T02:01:21.822371+00:00,2604,,,38.64738845825195,-121.38333129882812,,,,1791338466
2026-10-07T02:01:21.822371+00:00,2221,1285963,051,38.511531829833984,-121.43646240234375,,,,1791338465
2026-10-07T02:01:21.822371+00:00,2220,1285449,026,38.668556213378906,-121.38751983642578,,,,1791338466
2026-10-07T02:01:21.822371+00:00,1525,,,38.57359313964844,-121.48230743408203,,,,1791338468
2026-10-07T02:01:21.822371+00:00,2218,1285418,026,38.55409622192383,-121.42688751220703,,,,1791338466
2026-10-07T02:01:21.822371+00:00,1524,,,38.57009506225586,-121.47013854980469,,,,1791338466
2026-10-07T02:01:21.822371+00:00,2217,1286182,056,38.45952606201172,-121.4170150756836,,,,1791338465
2026-10-07T02:01:21.822371+00:00,2216,1285008,021,38.61600875854492,-121.28307342529297,,,,1791338465
2026-10-07T02:01:21.822371+00:00,2854,1286216,056,38.48173904418945,-121.46849822998047,,,,1791338470
2026-10-07T02:01:21.822371+00:00,1522,,,38.5679931640625,-121.46943664550781,,,,1791338452
2026-10-07T02:01:21.822371+00:00,2215,1285007,021,38.722354888916016,-121.28960418701172,,,,1791338467
2026-10-07T02:01:21.822371+00:00,2853,1287218,081,38.47344207763672,-121.45317840576172,,,,1791338469
2026-10-07T02:01:21.822371+00:00,1521,,,38.56804656982422,-121.4693603515625,,,,1791338469
2026-10-07T02:01:21.822371+00:00,2214,1287542,084,38.714412689208984,-121.3915023803711,,,,1791338465
2026-10-07T02:01:21.822371+00:00,2213,1284691,013,38.60380554199219,-121.38713073730469,,,,1791338466
2026-10-07T02:01:21.822371+00:00,2850,1286594,067,38.56999206542969,-121.46954345703125,,,,1791338468
2026-10-07T02:01:21.822371+00:00,1528,,,38.567745208740234,-121.46955871582031,,,,1791338106
2026-10-07T02:01:21.822371+00:00,1526,,,38.568077087402344,-121.46951293945312,,,,1791338467
2026-10-07T02:01:21.822371+00:00,2857,,,38.56725311279297,-121.46956634521484,,,,1791338340
2026-10-07T02:01:21.822371+00:00,2219,,,38.56733322143555,-121.47003936767578,,,,1791338467
2026-10-07T02:01:21.822371+00:00,2232,1286459,062,38.51844787597656,-121.49921417236328,,,,1791338467
2026-10-07T02:01:21.822371+00:00,2231,,,38.5671272277832,-121.46980285644531,,,,1791338365
2026-10-07T02:01:21.822371+00:00,2230,1287410,082,38.63195037841797,-121.3543930053711,,,,1791338469
2026-10-07T02:01:21.822371+00:00,1536,,,38.567508697509766,-121.46945190429688,,,,1791338469
2026-10-07T02:01:21.822371+00:00,2229,1285894,051,38.54683303833008,-121.4554672241211,,,,1791338469
2026-10-07T02:01:21.822371+00:00,2227,1285138,023,38.636558532714844,-121.3055191040039,,,,1791338465
2026-10-07T02:01:21.822371+00:00,2226,1285139,023,38.599422454833984,-121.42009735107422,,,,1791338468
2026-10-07T02:01:21.822371+00:00,1533,1286893,072,38.56395721435547,-121.3201904296875,,,,1791338469
2026-10-07T02:01:21.822371+00:00,2864,1287544,084,38.551116943359375,-121.37328338623047,,,,1791338466
2026-10-07T02:01:21.822371+00:00,1532,1284391,011,38.66379928588867,-121.50931549072266,,,,1791338464
2026-10-07T02:01:21.822371+00:00,2225,1285417,026,38.6378288269043,-121.38318634033203,,,,1791338465
2026-10-07T02:01:21.822371+00:00,1531,,,38.56761169433594,-121.46973419189453,,,,1791338469
2026-10-07T02:01:21.822371+00:00,1530,,,38.569393157958984,-121.47103118896484,,,,1791338465
2026-10-07T02:01:21.822371+00:00,2223,,,38.56718826293945,-121.4697265625,,,,1791338466
2026-10-07T02:01:21.822371+00:00,2860,1286345,061,38.50017166137695,-121.43433380126953,,,,1791338465
2026-10-07T02:01:21.822371+00:00,2222,1287232,081,38.51097869873047,-121.42760467529297,,,,1791338468
2026-10-07T02:01:21.822371+00:00,1539,1286344,061,38.5248908996582,-121.45779418945312,,,,1791338469
2026-10-07T02:01:21.822371+00:00,1538,1287411,082,38.65364456176758,-121.35183715820312,,,,1791338468
2026-10-07T02:01:21.822371+00:00,1537,,,38.668174743652344,-121.5076675415039,,,,1791338236
2026-10-07T02:01:21.822371+00:00,2243,1284102,001,38.678245544433594,-121.27648162841797,,,,1791338467
2026-10-07T02:01:21.822371+00:00,1550,1287515,084,38.71527099609375,-121.39016723632812,,,,1791338469
2026-10-07T02:01:21.822371+00:00,2880,1287374,082,38.553043365478516,-121.42786407470703,,,,1791338465
2026-10-07T02:01:21.822371+00:00,2242,1287512,084,38.552101135253906,-121.37411499023438,,,,1791338466
2026-10-07T02:01:21.822371+00:00,2241,1285448,026,38.57392501831055,-121.40148162841797,,,,1791338467
2026-10-07T02:01:21.822371+00:00,2876,,,38.567413330078125,-121.46949768066406,,,,1791338465
2026-10-07T02:01:21.822371+00:00,2237,1287233,081,38.49595260620117,-121.5230941772461,,,,1791338465
2026-10-07T02:01:21.822371+00:00,2874,1286441,062,38.58496856689453,-121.49436950683594,,,,1791338464
2026-10-07T02:01:21.822371+00:00,1543,1287949,088,38.606319427490234,-121.45626068115234,,,,1791338468
2026-10-07T02:01:21.822371+00:00,2873,1285324,025,38.61772537231445,-121.38224029541016,,,,1791338467
2026-10-07T02:01:21.822371+00:00,1541,,,38.57001495361328,-121.47098541259766,,,,1791338469
2026-10-07T02:01:21.822371+00:00,2234,1285175,023,38.612388610839844,-121.32867431640625,,,,1791338468
2026-10-07T02:01:21.822371+00:00,2872,1286873,072,38.557945251464844,-121.33634948730469,,,,1791338466
2026-10-07T02:01:21.822371+00:00,1540,1284101,001,38.64243698120117,-121.38339233398438,,,,1791338467
2026-10-07T02:01:21.822371+00:00,2233,1285059,021,38.61792755126953,-121.271240234375,,,,1791338466
2026-10-07T02:01:21.822371+00:00,2871,1286595,067,38.474205017089844,-121.44786834716797,,,,1791338467
2026-10-07T02:01:21.822371+00:00,1549,1285294,025,38.62262725830078,-121.42463684082031,,,,1791338469
2026-10-07T02:01:21.822371+00:00,1561,1286737,068,38.59992980957031,-121.4262924194336,,,,1791338467
2026-10-07T02:01:21.822371+00:00,1560,,,38.569725036621094,-121.46926879882812,,,,1791338469
2026-10-07T02:01:21.822371+00:00,2253,1285893,051,38.5003776550293,-121.43206787109375,,,,1791338465
2026-10-07T02:01:21.822371+00:00,2252,1288231,137,38.47160339355469,-121.42005920410156,,,,1791338468
2026-10-07T02:01:21.822371+00:00,2251,1285293,025,38.61813735961914,-121.41055297851562,,,,1791338466
2026-10-07T02:01:21.822371+00:00,1558,1285058,021,38.70568084716797,-121.27175903320312,,,,1791338465
2026-10-07T02:01:21.822371+00:00,1557,1287704,086,38.628326416015625,-121.43202209472656,,,,1791338465
2026-10-07T02:01:21.822371+00:00,1556,1286480,062,38.54802322387695,-121.48987579345703,,,,1791338465
2026-10-07T02:01:21.822371+00:00,2249,1287788,087,38.623069763183594,-121.42442321777344,,,,1791338466
2026-10-07T02:01:21.822371+00:00,2248,1287817,087,38.587974548339844,-121.41554260253906,,,,1791338466
2026-10-07T02:01:21.822371+00:00,1554,,,38.56871032714844,-121.46935272216797,,,,1791338470
2026-10-07T02:01:21.822371+00:00,2247,1286583,067,38.59735107421875,-121.4331283569336,,,,1791338466
2026-10-07T02:01:21.822371+00:00,1553,1284930,019,38.69835662841797,-121.38297271728516,,,,1791338468
2026-10-07T02:01:21.822371+00:00,2246,1286181,056,38.48155212402344,-121.48065185546875,,,,1791338468
2026-10-07T02:01:21.822371+00:00,2244,,,38.566978454589844,-121.47027587890625,,,,1791338070
2026-10-07T02:01:21.822371+00:00,1551,1288054,093,38.6879997253418,-121.3437271118164,,,,1791338467
2026-10-07T02:01:21.822371+00:00,2808,,,38.5682373046875,-121.46949768066406,,,,1791337888
2026-10-07T02:01:21.822371+00:00,1559,1284671,013,38.62957763671875,-121.475830078125,,,,1791338469
2026-10-07T02:01:21.822371+00:00,1572,1284089,001,38.678524017333984,-121.27123260498047,,,,1791338467
2026-10-07T02:01:21.822371+00:00,1571,1285774,038,38.55916976928711,-121.46192932128906,,,,1791338466
2026-10-07T02:01:21.822371+00:00,2263,1286740,068,38.458248138427734,-121.41764068603516,,,,1791338467
2026-10-07T02:01:21.822371+00:00,2261,1287674,086,38.6275634765625,-121.49734497070312,,,,1791338466
2026-10-07T02:01:21.822371+00:00,2260,,,38.568058013916016,-121.46949005126953,,,,1791338465
2026-10-07T02:01:21.822371+00:00,1569,1284093,001,38.6461067199707,-121.38317108154297,,,,1791338465
2026-10-07T02:01:21.822371+00:00,1568,1284053,001,38.657955169677734,-121.35025787353516,,,,1791338468
2026-10-07T02:01:21.822371+00:00,1566,,,38.63616180419922,-121.522216796875,,,,1791338467
2026-10-07T02:01:21.822371+00:00,2257,1287514,084,38.70307159423828,-121.36360168457031,,,,1791338467
2026-10-07T02:01:21.822371+00:00,1563,1285962,051,38.565948486328125,-121.50133514404297,,,,1791338465
2026-10-07T02:01:21.822371+00:00,2256,1287373,082,38.60163116455078,-121.39234924316406,,,,1791338469
2026-10-07T02:01:21.822371+00:00,1562,,,38.63246536254883,-121.39619445800781,,,,1791338466
2026-10-07T02:01:21.822371+00:00,2816,,,38.54155349731445,-121.48538208007812,,,,1791338464
2026-10-07T02:01:21.822371+00:00,2815,,,38.56953048706055,-121.47059631347656,,,,1791338468
2026-10-07T02:01:21.822371+00:00,2813,,,38.58339309692383,-121.46158599853516,,,,1791338186
2026-10-07T08:34:18.294587+00:00,1583,,,38.56898880004883,-121.46886444091797,,,,1791362032
2026-10-07T08:34:18.294587+00:00,1582,,,38.569053649902344,-121.46881103515625,,,,1791362032
2026-10-07T08:34:18.294587+00:00,1581,,,38.5702018737793,-121.47039794921875,,,,1791362032
2026-10-07T08:34:18.294587+00:00,2821,,,38.56713104248047,-121.46990203857422,,,,1791362032
2026-10-07T08:34:18.294587+00:00,1577,,,38.570159912109375,-121.47054290771484,,,,1791362032
2026-10-07T08:34:18.294587+00:00,2820,,,38.569515228271484,-121.46887969970703,,,,1791362033
2026-10-07T08:34:18.294587+00:00,1575,,,38.5693473815918,-121.4688949584961,,,,1791362036
2026-10-07T08:34:18.294587+00:00,1574,,,38.56975555419922,-121.46841430664062,,,,1791362036
2026-10-07T08:34:18.294587+00:00,1592,,,38.56917953491211,-121.46937561035156,,,,1791362034
2026-10-07T08:34:18.294587+00:00,1591,,,38.570194244384766,-121.47063446044922,,,,1791362034
2026-10-07T08:34:18.294587+00:00,1590,,,38.569129943847656,-121.46916198730469,,,,1791362036
2026-10-07T08:34:18.294587+00:00,1503,,,38.568695068359375,-121.46927642822266,,,,1791362030
2026-10-07T08:34:18.294587+00:00,2834,,,38.56708526611328,-121.46963500976562,,,,1791362035
2026-10-07T08:34:18.294587+00:00,1502,,,38.5686149597168,-121.46916198730469,,,,1791362032
2026-10-07T08:34:18.294587+00:00,1589,,,38.569095611572266,-121.46907806396484,,,,1791362032
2026-10-07T08:34:18.294587+00:00,1501,,,38.56863021850586,-121.46916198730469,,,,1791362032
2026-10-07T08:34:18.294587+00:00,1587,,,38.56909942626953,-121.46913146972656,,,,1791362033
2026-10-07T08:34:18.294587+00:00,1586,,,38.56907272338867,-121.46907043457031,,,,1791362036
2026-10-07T08:34:18.294587+00:00,1584,,,38.56901931762695,-121.46882629394531,,,,1791362034
2026-10-07T08:34:18.294587+00:00,1509,,,38.56821823120117,-121.46931457519531,,,,1791362035
2026-10-07T08:34:18.294587+00:00,2839,,,38.5671501159668,-121.4698715209961,,,,1791362035
2026-10-07T08:34:18.294587+00:00,1507,,,38.568511962890625,-121.4692153930664,,,,1791362032
2026-10-07T08:34:18.294587+00:00,1506,,,38.56856155395508,-121.46919250488281,,,,1791362033
2026-10-07T08:34:18.294587+00:00,1505,,,38.56858444213867,-121.46916961669922,,,,1791362034
2026-10-07T08:34:18.294587+00:00,2836,,,38.56718063354492,-121.46988677978516,,,,1791362036
2026-10-07T08:34:18.294587+00:00,2210,,,38.56923294067383,-121.47118377685547,,,,1791362033
2026-10-07T08:34:18.294587+00:00,1514,,,38.56824493408203,-121.46931457519531,,,,1791362033
2026-10-07T08:34:18.294587+00:00,2205,,,38.56849670410156,-121.47004699707031,,,,1791362033
2026-10-07T08:34:18.294587+00:00,2601,,,38.56925964355469,-121.46871948242188,,,,1791362035
2026-10-07T08:34:18.294587+00:00,1512,,,38.568302154541016,-121.46935272216797,,,,1791362034
2026-10-07T08:34:18.294587+00:00,2843,,,38.56727600097656,-121.46965026855469,,,,1791362032
2026-10-07T08:34:18.294587+00:00,1511,,,38.56833267211914,-121.46928405761719,,,,1791362035
2026-10-07T08:34:18.294587+00:00,2203,,,38.56757354736328,-121.46994018554688,,,,1791362036
2026-10-07T08:34:18.294587+00:00,1510,,,38.5684700012207,-121.46923065185547,,,,1791362035
2026-10-07T08:34:18.294587+00:00,2202,,,38.57016372680664,-121.47149658203125,,,,1791362036
2026-10-07T08:34:18.294587+00:00,2201,,,38.57012176513672,-121.47154235839844,,,,1791362032
2026-10-07T08:34:18.294587+00:00,1595,,,38.569190979003906,-121.46956634521484,,,,1791361675
2026-10-07T08:34:18.294587+00:00,1519,,,38.56800842285156,-121.469482421875,,,,1791362034
2026-10-07T08:34:18.294587+00:00,2849,,,38.56716537475586,-121.4695816040039,,,,1791362036
2026-10-07T08:34:18.294587+00:00,1518,,,38.5679931640625,-121.469482421875,,,,1791362035
2026-10-07T08:34:18.294587+00:00,1517,,,38.56821823120117,-121.46947479248047,,,,1791362033
2026-10-07T08:34:18.294587+00:00,1516,,,38.56822204589844,-121.46929168701172,,,,1791362034
2026-10-07T08:34:18.294587+00:00,2847,,,38.56722640991211,-121.46983337402344,,,,1791362035
2026-10-07T08:34:18.294587+00:00,2604,,,38.56930160522461,-121.46894073486328,,,,1791362034
2026-10-07T08:34:18.294587+00:00,2208,,,38.567623138427734,-121.46965026855469,,,,1791362032
2026-10-07T08:34:18.294587+00:00,1515,,,38.56819534301758,-121.46931457519531,,,,1791362033
2026-10-07T08:34:18.294587+00:00,2220,,,38.567256927490234,-121.46968841552734,,,,1791362032
2026-10-07T08:34:18.294587+00:00,2218,,,38.56726837158203,-121.46951293945312,,,,1791362035
2026-10-07T08:34:18.294587+00:00,1525,,,38.56779098510742,-121.46945190429688,,,,1791362032
2026-10-07T08:34:18.294587+00:00,1524,,,38.567909240722656,-121.46945190429688,,,,1791362032
2026-10-07T08:34:18.294587+00:00,2216,,,38.567466735839844,-121.46988677978516,,,,1791362032
2026-10-07T08:34:18.294587+00:00,2854,,,38.56727600097656,-121.46978759765625,,,,1791362032
2026-10-07T08:34:18.294587+00:00,1522,,,38.56959915161133,-121.47077178955078,,,,1791362036
2026-10-07T08:34:18.294587+00:00,2853,,,38.567203521728516,-121.46959686279297,,,,1791362034
2026-10-07T08:34:18.294587+00:00,2214,,,38.56745529174805,-121.46992492675781,,,,1791362035
2026-10-07T08:34:18.294587+00:00,1520,,,38.57025909423828,-121.47058868408203,,,,1791362036
2026-10-07T08:34:18.294587+00:00,2850,,,38.56740951538086,-121.46977996826172,,,,1791362034
2026-10-07T08:34:18.294587+00:00,1528,,,38.567779541015625,-121.46955108642578,,,,1791362031
2026-10-07T08:34:18.294587+00:00,1527,,,38.56787109375,-121.4695816040039,,,,1791362036
2026-10-07T08:34:18.294587+00:00,2219,,,38.56735610961914,-121.47013854980469,,,,1791362034
2026-10-07T08:34:18.294587+00:00,1526,,,38.567787170410156,-121.46955108642578,,,,1791362034
2026-10-07T08:34:18.294587+00:00,2857,,,38.56724548339844,-121.46954345703125,,,,1791362035
2026-10-07T08:34:18.294587+00:00,2232,,,38.56830978393555,-121.4693832397461,,,,1791362032
2026-10-07T08:34:18.294587+00:00,2231,,,38.5671272277832,-121.46980285644531,,,,1791362034
2026-10-07T08:34:18.294587+00:00,2230,,,38.56724166870117,-121.46975708007812,,,,1791362034
2026-10-07T08:34:18.294587+00:00,1536,,,38.56755447387695,-121.46949768066406,,,,1791362035
2026-10-07T08:34:18.294587+00:00,2226,,,38.567176818847656,-121.46981048583984,,,,1791362032
2026-10-07T08:34:18.294587+00:00,2864,,,38.56752014160156,-121.46995544433594,,,,1791362034
2026-10-07T08:34:18.294587+00:00,1533,,,38.56764221191406,-121.46939849853516,,,,1791362035
2026-10-07T08:34:18.294587+00:00,2225,,,38.5677375793457,-121.46971893310547,,,,1791362036
2026-10-07T08:34:18.294587+00:00,1532,,,38.56755828857422,-121.46959686279297,,,,1791362032
2026-10-07T08:34:18.294587+00:00,1531,,,38.567665100097656,-121.46942138671875,,,,1791362035
2026-10-07T08:34:18.294587+00:00,1530,,,38.56770324707031,-121.46955108642578,,,,1791362032
2026-10-07T08:34:18.294587+00:00,2860,,,38.567352294921875,-121.46958923339844,,,,1791362036
2026-10-07T08:34:18.294587+00:00,1539,,,38.567543029785156,-121.46964263916016,,,,1791361784
2026-10-07T08:34:18.294587+00:00,1538,,,38.5675048828125,-121.469482421875,,,,1791362036
2026-10-07T08:34:18.294587+00:00,1537,,,38.56903839111328,-121.46952819824219,,,,1791362036
2026-10-07T08:34:18.294587+00:00,2243,,,38.56993103027344,-121.47129821777344,,,,1791362036
2026-10-07T08:34:18.294587+00:00,2242,,,38.56700897216797,-121.47025299072266,,,,1791362035
2026-10-07T08:34:18.294587+00:00,2880,,,38.5674934387207,-121.46971893310547,,,,1791362035
2026-10-07T08:34:18.294587+00:00,2241,,,38.56698989868164,-121.46986389160156,,,,1791362033
2026-10-07T08:34:18.294587+00:00,2876,,,38.567405700683594,-121.469482421875,,,,1791362031
2026-10-07T08:34:18.294587+00:00,2237,,,38.5670166015625,-121.47000122070312,,,,1791362032
2026-10-07T08:34:18.294587+00:00,2236,,,38.567161560058594,-121.46977996826172,,,,1791362032
2026-10-07T08:34:18.294587+00:00,2873,,,38.56737518310547,-121.4695053100586,,,,1791362034
2026-10-07T08:34:18.294587+00:00,2234,,,38.5671501159668,-121.47024536132812,,,,1791362035
2026-10-07T08:34:18.294587+00:00,2872,,,38.56739044189453,-121.4697494506836,,,,1791362031
2026-10-07T08:34:18.294587+00:00,2233,,,38.5670166015625,-121.4698257446289,,,,1791362035
2026-10-07T08:34:18.294587+00:00,1540,,,38.56744384765625,-121.4694595336914,,,,1791362033
2026-10-07T08:34:18.294587+00:00,2871,,,38.5673828125,-121.46975708007812,,,,1791362035
2026-10-07T08:34:18.294587+00:00,1561,,,38.56988525390625,-121.46920776367188,,,,1791362033
2026-10-07T08:34:18.294587+00:00,1560,,,38.5697135925293,-121.46932983398438,,,,1791362034
2026-10-07T08:34:18.294587+00:00,2253,,,38.56693649291992,-121.47006225585938,,,,1791362034
2026-10-07T08:34:18.294587+00:00,2251,,,38.566978454589844,-121.47012329101562,,,,1791362033
2026-10-07T08:34:18.294587+00:00,1558,,,38.569637298583984,-121.46935272216797,,,,1791362035
2026-10-07T08:34:18.294587+00:00,1557,,,38.56960678100586,-121.46934509277344,,,,1791362032
2026-10-07T08:34:18.294587+00:00,2249,,,38.56686782836914,-121.47001647949219,,,,1791362032
2026-10-07T08:34:18.294587+00:00,2887,,,38.56745147705078,-121.46967315673828,,,,1791362033
2026-10-07T08:34:18.294587+00:00,2248,,,38.566829681396484,-121.46986389160156,,,,1791362031
2026-10-07T08:34:18.294587+00:00,2247,,,38.56676483154297,-121.4697265625,,,,1791362036
2026-10-07T08:34:18.294587+00:00,2246,,,38.56708526611328,-121.46990203857422,,,,1791362032
2026-10-07T08:34:18.294587+00:00,1553,,,38.56991195678711,-121.47017669677734,,,,1791362033
2026-10-07T08:34:18.294587+00:00,1559,,,38.56967544555664,-121.46934509277344,,,,1791362033
2026-10-07T08:34:18.294587+00:00,1572,,,38.56974411010742,-121.4686050415039,,,,1791362033
2026-10-07T08:34:18.294587+00:00,1571,,,38.56978988647461,-121.46868896484375,,,,1791362035
2026-10-07T08:34:18.294587+00:00,2263,,,38.567222595214844,-121.47003173828125,,,,1791362032
2026-10-07T08:34:18.294587+00:00,2262,,,38.567161560058594,-121.46996307373047,,,,1791362036
2026-10-07T08:34:18.294587+00:00,2260,,,38.567203521728516,-121.46973419189453,,,,1791362031
2026-10-07T08:34:18.294587+00:00,1568,,,38.56980514526367,-121.46876525878906,,,,1791362033
2026-10-07T08:34:18.294587+00:00,1566,,,38.56980895996094,-121.46898651123047,,,,1791362031
2026-10-07T08:34:18.294587+00:00,1565,,,38.569793701171875,-121.4690933227539,,,,1791362033
2026-10-07T08:34:18.294587+00:00,2257,,,38.56683349609375,-121.46996307373047,,,,1791362032
2026-10-07T08:34:18.294587+00:00,2256,,,38.566993713378906,-121.4700698852539,,,,1791362036
2026-10-07T08:34:18.294587+00:00,1563,,,38.56985092163086,-121.46927642822266,,,,1791362035
2026-10-07T08:34:18.294587+00:00,2255,,,38.567100524902344,-121.47008514404297,,,,1791362033
2026-10-07T08:34:18.294587+00:00,1562,,,38.569915771484375,-121.4692153930664,,,,1791362035
2026-10-07T08:34:18.294587+00:00,2816,,,38.56943893432617,-121.4688720703125,,,,1791362032
2026-10-07T08:34:18.294587+00:00,2815,,,38.56949234008789,-121.46893310546875,,,,1791362035
2026-10-07T08:34:18.294587+00:00,2813,,,38.56947326660156,-121.46890258789062,,,,1791362034
2026-10-07T15:46:17.511686+00:00,1583,1288099,093,38.70206832885742,-121.33171844482422,,,,1791387948
2026-10-07T15:46:17.511686+00:00,1582,1285037,021,38.72249221801758,-121.28959655761719,,,,1791387945
2026-10-07T15:46:17.511686+00:00,1613,1284286,010,38.659420013427734,-121.12511444091797,,,,1791387947
2026-10-07T15:46:17.511686+00:00,2821,1286852,072,38.550071716308594,-121.3725357055664,,,,1791387944
2026-10-07T15:46:17.511686+00:00,1577,1286161,056,38.48215866088867,-121.4529800415039,,,,1791387947
2026-10-07T15:46:17.511686+00:00,2027,1288449,177,38.59513854980469,-121.28936767578125,,,,1791387469
2026-10-07T15:46:17.511686+00:00,1575,,,38.55130386352539,-121.4277114868164,,,,1791387948
2026-10-07T15:46:17.511686+00:00,1574,1285038,021,38.644752502441406,-121.271728515625,,,,1791387949
2026-10-07T15:46:17.511686+00:00,2024,,,38.55387496948242,-121.40941619873047,,,,1791387947
2026-10-07T15:46:17.511686+00:00,1573,1288278,142,38.67138671875,-121.55641174316406,,,,1791387947
2026-10-07T15:46:17.511686+00:00,1614,1284295,010,38.660526275634766,-121.12690734863281,,,,1791387949
2026-10-07T15:46:17.511686+00:00,1592,1285025,021,38.67808151245117,-121.27171325683594,,,,1791387944
2026-10-07T15:46:17.511686+00:00,1591,1287678,086,38.608829498291016,-121.50279998779297,,,,1791387944
2026-10-07T15:46:17.511686+00:00,1590,1287087,078,38.5850944519043,-121.30974578857422,,,,1791387946
2026-10-07T15:46:17.511686+00:00,1503,1284785,015,38.645938873291016,-121.38270568847656,,,,1791387908
2026-10-07T15:46:17.511686+00:00,2833,,,38.567161560058594,-121.4698257446289,,,,1791387946
2026-10-07T15:46:17.511686+00:00,1502,1284073,001,38.67838668823242,-121.28373718261719,,,,1791387947
2026-10-07T15:46:17.511686+00:00,1589,,,38.5697135925293,-121.47096252441406,,,,1791387947
2026-10-07T15:46:17.511686+00:00,1501,1285991,051,38.54715347290039,-121.46446990966797,,,,1791387946
2026-10-07T15:46:17.511686+00:00,1587,1287973,088,38.611228942871094,-121.47554779052734,,,,1791387949
2026-10-07T15:46:17.511686+00:00,1586,1286704,068,38.524723052978516,-121.45539855957031,,,,1791387945
2026-10-07T15:46:17.511686+00:00,1584,1285196,023,38.663818359375,-121.29219818115234,,,,1791387947
2026-10-07T15:46:17.511686+00:00,1509,1285921,051,38.51639175415039,-121.4386215209961,,,,1791387905
2026-10-07T15:46:17.511686+00:00,2839,1287838,087,38.560546875,-121.4300537109375,,,,1791387944
2026-10-07T15:46:17.511686+00:00,1507,1286336,061,38.510189056396484,-121.54269409179688,,,,1791387947
2026-10-07T15:46:17.511686+00:00,2836,1284372,011,38.66581344604492,-121.51408386230469,,,,1791387946
2026-10-07T15:46:17.511686+00:00,1514,1284404,011,38.65837478637695,-121.51197052001953,,,,1791387946
2026-10-07T15:46:17.511686+00:00,2206,1286466,062,38.53319549560547,-121.4942626953125,,,,1791387946
2026-10-07T15:46:17.511686+00:00,2843,,,38.53187942504883,-121.48320007324219,,,,1791387947
2026-10-07T15:46:17.511686+00:00,2601,,,38.569271087646484,-121.4687271118164,,,,1791387946
2026-10-07T15:46:17.511686+00:00,1512,1285796,038,38.58454513549805,-121.50016021728516,,,,1791387947
2026-10-07T15:46:17.511686+00:00,1511,1287431,082,38.64546585083008,-121.34662628173828,,,,1791387946
2026-10-07T15:46:17.511686+00:00,1510,1288167,102,38.51618957519531,-121.51964569091797,,,,1791387948
2026-10-07T15:46:17.511686+00:00,2202,1285431,026,38.66436767578125,-121.38715362548828,,,,1791387949
2026-10-07T15:46:17.511686+00:00,2201,1284143,001,38.67953109741211,-121.26719665527344,,,,1791387945
2026-10-07T15:46:17.511686+00:00,2849,,,38.56730651855469,-121.47007751464844,,,,1791387948
2026-10-07T15:46:17.511686+00:00,1517,1287939,088,38.61087417602539,-121.45935821533203,,,,1791387949
2026-10-07T15:46:17.511686+00:00,2847,,,38.567169189453125,-121.46940612792969,,,,1791387946
2026-10-07T15:46:17.511686+00:00,1516,1287393,082,38.630271911621094,-121.35530853271484,,,,1791387944
2026-10-07T15:46:17.511686+00:00,2208,1284374,011,38.54100799560547,-121.48521423339844,,,,1791387947
2026-10-07T15:46:17.511686+00:00,2221,1288225,137,38.54670715332031,-121.46118927001953,,,,1791387948
2026-10-07T15:46:17.511686+00:00,2220,1287564,084,38.61277389526367,-121.38311767578125,,,,1791387945
2026-10-07T15:46:17.511686+00:00,2218,1285468,026,38.55266571044922,-121.4271011352539,,,,1791387948
2026-10-07T15:46:17.511686+00:00,1525,1285825,038,38.56359100341797,-121.47223663330078,,,,1791387946
2026-10-07T15:46:17.511686+00:00,1524,1287193,081,38.4959831237793,-121.4525375366211,,,,1791387948
2026-10-07T15:46:17.511686+00:00,2217,1287943,088,38.580848693847656,-121.4957046508789,,,,1791387946
2026-10-07T15:46:17.511686+00:00,2216,,,38.567481994628906,-121.47004699707031,,,,1791387948
2026-10-07T15:46:17.511686+00:00,2854,1286364,061,38.52494430541992,-121.44358825683594,,,,1791387946
2026-10-07T15:46:17.511686+00:00,2215,1287252,081,38.552791595458984,-121.42720794677734,,,,1791387949
2026-10-07T15:46:17.511686+00:00,2853,1288187,106,38.575279235839844,-121.49862670898438,,,,1791387946
2026-10-07T15:46:17.511686+00:00,1521,,,38.569580078125,-121.47046661376953,,,,1791387718
2026-10-07T15:46:17.511686+00:00,2214,1285469,026,38.62672424316406,-121.40142822265625,,,,1791387944
2026-10-07T15:46:17.511686+00:00,1520,1284373,011,38.577449798583984,-121.4992446899414,,,,1791387947
2026-10-07T15:46:17.511686+00:00,2213,1288074,093,38.700801849365234,-121.33216094970703,,,,1791387949
2026-10-07T15:46:17.511686+00:00,2850,,,38.512081146240234,-121.47642517089844,,,,1791387947
2026-10-07T15:46:17.511686+00:00,1528,1285160,023,38.61056137084961,-121.38272094726562,,,,1791387947
2026-10-07T15:46:17.511686+00:00,1527,1286479,062,38.58099365234375,-121.49642181396484,,,,1791387946
2026-10-07T15:46:17.511686+00:00,2857,,,38.567283630371094,-121.46959686279297,,,,1791387946
2026-10-07T15:46:17.511686+00:00,2219,1286365,061,38.52299499511719,-121.4091796875,,,,1791387948
2026-10-07T15:46:17.511686+00:00,1526,1287837,087,38.62215042114258,-121.42404174804688,,,,1791387944
2026-10-07T15:46:17.511686+00:00,2232,1285195,023,38.610572814941406,-121.39588165283203,,,,1791387945
2026-10-07T15:46:17.511686+00:00,2231,,,38.569908142089844,-121.47103881835938,,,,1791387949
2026-10-07T15:46:17.511686+00:00,2230,,,38.56804275512695,-121.46989440917969,,,,1791387949
2026-10-07T15:46:17.511686+00:00,1536,1285470,026,38.71445083618164,-121.39148712158203,,,,1791387946
2026-10-07T15:46:17.511686+00:00,2228,,,38.56734848022461,-121.46977996826172,,,,1791387477
2026-10-07T15:46:17.511686+00:00,1533,1285992,051,38.516143798828125,-121.43856048583984,,,,1791387948
2026-10-07T15:46:17.511686+00:00,2226,1287527,084,38.66685485839844,-121.38277435302734,,,,1791387947
2026-10-07T15:46:17.511686+00:00,2225,1286889,072,38.561893463134766,-121.33234405517578,,,,1791387949
2026-10-07T15:46:17.511686+00:00,2103,,,38.56523513793945,-121.43685913085938,,,,1791387948
2026-10-07T15:46:17.511686+00:00,1531,1285575,030,38.57272720336914,-121.47404479980469,,,,1791387948
2026-10-07T15:46:17.511686+00:00,2102,,,38.56439971923828,-121.47190856933594,,,,1791387947
2026-10-07T15:46:17.511686+00:00,1530,1286564,067,38.46894073486328,-121.41825866699219,,,,1791387948
2026-10-07T15:46:17.511686+00:00,2223,1287430,082,38.60323715209961,-121.38719177246094,,,,1791387946
2026-10-07T15:46:17.511686+00:00,2860,,,38.56735610961914,-121.46949005126953,,,,1791387945
2026-10-07T15:46:17.511686+00:00,2222,1288100,093,38.72200393676758,-121.29035949707031,,,,1791387948
2026-10-07T15:46:17.511686+00:00,1539,1287682,086,38.621856689453125,-121.42430877685547,,,,1791387944
2026-10-07T15:46:17.511686+00:00,1538,1285993,051,38.50014114379883,-121.43450927734375,,,,1791387947
2026-10-07T15:46:17.511686+00:00,1537,1285610,030,38.581390380859375,-121.49771118164062,,,,1791387947
2026-10-07T15:46:17.511686+00:00,2243,1284919,019,38.6063232421875,-121.45634460449219,,,,1791387945
2026-10-07T15:46:17.511686+00:00,1550,1286491,062,38.531768798828125,-121.49506378173828,,,,1791387947
2026-10-07T15:46:17.511686+00:00,2242,1285161,023,38.60662841796875,-121.45818328857422,,,,1791387949
2026-10-07T15:46:17.511686+00:00,2241,,,38.56691360473633,-121.46990966796875,,,,1791387947
2026-10-07T15:46:17.511686+00:00,2240,1284814,015,38.61098861694336,-121.44812774658203,,,,1791387947
2026-10-07T15:46:17.511686+00:00,2239,1285795,038,38.56043243408203,-121.46598052978516,,,,1791387949
2026-10-07T15:46:17.511686+00:00,2876,,,38.58369445800781,-121.31008911132812,,,,1791387948
2026-10-07T15:46:17.511686+00:00,2238,1287563,084,38.694000244140625,-121.36389923095703,,,,1791387949
2026-10-07T15:46:17.511686+00:00,2237,1284685,013,38.606353759765625,-121.44799041748047,,,,1791387944
2026-10-07T15:46:17.511686+00:00,1544,1285314,025,38.6217041015625,-121.42452239990234,,,,1791387948
2026-10-07T15:46:17.511686+00:00,2874,,,38.56742477416992,-121.4695053100586,,,,1791387946
2026-10-07T15:46:17.511686+00:00,2236,1286363,061,38.48127365112305,-121.51312255859375,,,,1791387949
2026-10-07T15:46:17.511686+00:00,1543,1287683,086,38.62737274169922,-121.50173950195312,,,,1791387946
2026-10-07T15:46:17.511686+00:00,2873,1287201,081,38.55261993408203,-121.42777252197266,,,,1791387949
2026-10-07T15:46:17.511686+00:00,2871,,,38.485530853271484,-121.53564453125,,,,1791387945
2026-10-07T15:46:17.511686+00:00,1540,1284401,011,38.541595458984375,-121.48535919189453,,,,1791387946
2026-10-07T15:46:17.511686+00:00,2233,1285951,051,38.55643081665039,-121.47291564941406,,,,1791387948
2026-10-07T15:46:17.511686+00:00,1549,1287526,084,38.712188720703125,-121.39187622070312,,,,1791387946
2026-10-07T15:46:17.511686+00:00,1561,1286888,072,38.55113220214844,-121.37257385253906,,,,1791387946
2026-10-07T15:46:17.511686+00:00,2253,1286195,056,38.46886444091797,-121.42144775390625,,,,1791387946
2026-10-07T15:46:17.511686+00:00,1560,1286607,067,38.53600311279297,-121.47462463378906,,,,1791387948
2026-10-07T15:46:17.511686+00:00,2252,1285313,025,38.61765670776367,-121.36002349853516,,,,1791387948
2026-10-07T15:46:17.511686+00:00,2251,1286440,062,38.48305892944336,-121.52075958251953,,,,1791387948
2026-10-07T15:46:17.511686+00:00,1558,,,38.552860260009766,-121.42662811279297,,,,1791387948
2026-10-07T15:46:17.511686+00:00,1557,1287253,081,38.498233795166016,-121.4728012084961,,,,1791387946
2026-10-07T15:46:17.511686+00:00,1556,1285430,026,38.60234069824219,-121.4016342163086,,,,1791387947
2026-10-07T15:46:17.511686+00:00,2249,1286703,068,38.57807540893555,-121.4645767211914,,,,1791387946
2026-10-07T15:46:17.511686+00:00,1555,1285159,023,38.678382873535156,-121.28423309326172,,,,1791387949
2026-10-07T15:46:17.511686+00:00,2248,1286608,067,38.60015869140625,-121.42616271972656,,,,1791387945
2026-10-07T15:46:17.511686+00:00,1554,,,38.5974006652832,-121.2786865234375,,,,1791387946
2026-10-07T15:46:17.511686+00:00,2247,1287663,086,38.636592864990234,-121.43641662597656,,,,1791387947
2026-10-07T15:46:17.511686+00:00,2246,1286760,068,38.46000289916992,-121.41450500488281,,,,1791387944
2026-10-07T15:46:17.511686+00:00,1551,1285346,025,38.72268295288086,-121.28960418701172,,,,1791387945
2026-10-07T15:46:17.511686+00:00,2244,1285922,051,38.58271789550781,-121.49528503417969,,,,1791387948
2026-10-07T15:46:17.511686+00:00,2808,,,38.568241119384766,-121.46952819824219,,,,1791387949
2026-10-07T15:46:17.511686+00:00,1559,,,38.56967544555664,-121.46934509277344,,,,1791387538
2026-10-07T15:46:17.511686+00:00,1572,1285990,051,38.57989501953125,-121.49820709228516,,,,1791387947
2026-10-07T15:46:17.511686+00:00,1571,1287113,078,38.584259033203125,-121.31147003173828,,,,1791387944
2026-10-07T15:46:17.511686+00:00,2263,1284706,013,38.65591812133789,-121.54048156738281,,,,1791387947
2026-10-07T15:46:17.511686+00:00,2021,1288397,175,38.55887222290039,-121.24297332763672,,,,1791387944
2026-10-07T15:46:17.511686+00:00,2261,1285949,051,38.58454895019531,-121.4945068359375,,,,1791387945
2026-10-07T15:46:17.511686+00:00,2260,,,38.55270004272461,-121.42691802978516,,,,1791387946
2026-10-07T15:46:17.511686+00:00,1568,1284705,013,38.59628677368164,-121.4161605834961,,,,1791387946
2026-10-07T15:46:17.511686+00:00,1565,1285584,030,38.5715217590332,-121.46057891845703,,,,1791387948
2026-10-07T15:46:17.511686+00:00,2257,1286758,068,38.571529388427734,-121.46883392333984,,,,1791387946
2026-10-07T15:46:17.511686+00:00,2256,,,38.644622802734375,-121.38336181640625,,,,1791387947
2026-10-07T15:46:17.511686+00:00,1563,,,38.645843505859375,-121.3829116821289,,,,1791387948
2026-10-07T15:46:17.511686+00:00,2255,,,38.56698989868164,-121.46997833251953,,,,1791387673
2026-10-07T15:46:17.511686+00:00,1562,1284141,001,38.650814056396484,-121.350341796875,,,,1791387948
2026-10-07T15:46:17.511686+00:00,2816,1284402,011,38.57784652709961,-121.49738311767578,,,,1791387947
2026-10-07T15:46:17.511686+00:00,2813,1284142,001,38.678165435791016,-121.2922134399414,,,,1791387934
2026-10-07T20:50:01.763137+00:00,1583,1285016,021,38.63540267944336,-121.2702407836914,,,,1791406192
2026-10-07T20:50:01.763137+00:00,1582,,,38.571441650390625,-121.46875762939453,,,,1791406192
2026-10-07T20:50:01.763137+00:00,1581,,,38.56898498535156,-121.46870422363281,,,,1791406190
2026-10-07T20:50:01.763137+00:00,1613,,,38.56947326660156,-121.46926879882812,,,,1791405873
2026-10-07T20:50:01.763137+00:00,1612,1284281,010,38.65293884277344,-121.12300872802734,,,,1791406188
2026-10-07T20:50:01.763137+00:00,2821,1286904,072,38.54520797729492,-121.3431167602539,,,,1791406181
2026-10-07T20:50:01.763137+00:00,1577,1286463,062,38.494964599609375,-121.51203155517578,,,,1791406190
2026-10-07T20:50:01.763137+00:00,1575,1288238,138,38.53703689575195,-121.76441192626953,,,,1791406188
2026-10-07T20:50:01.763137+00:00,1573,1288273,142,38.69150161743164,-121.58747100830078,,,,1791406189
2026-10-07T20:50:01.763137+00:00,1616,,,38.56959915161133,-121.47074127197266,,,,1791406191
2026-10-07T20:50:01.763137+00:00,1592,1285045,021,38.661643981933594,-121.27215576171875,,,,1791406188
2026-10-07T20:50:01.763137+00:00,1591,1287692,086,38.62318801879883,-121.42452239990234,,,,1791406189
2026-10-07T20:50:01.763137+00:00,1590,1286998,075,38.57496643066406,-121.29166412353516,,,,1791406189
2026-10-07T20:50:01.763137+00:00,2834,1284121,001,38.65043640136719,-121.3504638671875,,,,1791406190
2026-10-07T20:50:01.763137+00:00,1503,1284797,015,38.636474609375,-121.42510986328125,,,,1791406189
2026-10-07T20:50:01.763137+00:00,2833,,,38.51219177246094,-121.47666931152344,,,,1791406188
2026-10-07T20:50:01.763137+00:00,1589,,,38.64876937866211,-121.3838882446289,,,,1791406189
2026-10-07T20:50:01.763137+00:00,1501,1285973,051,38.49625015258789,-121.43572235107422,,,,1791406187
2026-10-07T20:50:01.763137+00:00,1587,1287966,088,38.6063117980957,-121.45641326904297,,,,1791406192
2026-10-07T20:50:01.763137+00:00,1586,1286750,068,38.46001434326172,-121.41493225097656,,,,1791406191
2026-10-07T20:50:01.763137+00:00,1584,1285186,023,38.678218841552734,-121.27786254882812,,,,1791406191
2026-10-07T20:50:01.763137+00:00,1509,1285906,051,38.58283615112305,-121.4952392578125,,,,1791406124
2026-10-07T20:50:01.763137+00:00,1507,1286326,061,38.485260009765625,-121.5353775024414,,,,1791406190
2026-10-07T20:50:01.763137+00:00,2836,,,38.52460479736328,-121.48308563232422,,,,1791406189
2026-10-07T20:50:01.763137+00:00,1505,,,38.56980514526367,-121.47099304199219,,,,1791406192
2026-10-07T20:50:01.763137+00:00,1514,1284380,011,38.62821960449219,-121.4980239868164,,,,1791406189
2026-10-07T20:50:01.763137+00:00,2206,1286454,062,38.582252502441406,-121.50110626220703,,,,1791406191
2026-10-07T20:50:01.763137+00:00,2601,,,38.56871032714844,-121.46923828125,,,,1791406189
2026-10-07T20:50:01.763137+00:00,2843,,,38.5654182434082,-121.51422882080078,,,,1791406190
2026-10-07T20:50:01.763137+00:00,1512,1285815,038,38.562137603759766,-121.47156524658203,,,,1791406192
2026-10-07T20:50:01.763137+00:00,1511,1287421,082,38.65364456176758,-121.35173034667969,,,,1791406188
2026-10-07T20:50:01.763137+00:00,2203,,,38.559940338134766,-121.47077178955078,,,,1791406190
2026-10-07T20:50:01.763137+00:00,1510,1285907,051,38.5844612121582,-121.49454498291016,,,,1791406191
2026-10-07T20:50:01.763137+00:00,2202,1287536,084,38.712379455566406,-121.39201354980469,,,,1791406192
2026-10-07T20:50:01.763137+00:00,2201,1284122,001,38.67837142944336,-121.27216339111328,,,,1791406190
2026-10-07T20:50:01.763137+00:00,2849,,,38.567298889160156,-121.47007751464844,,,,1791406191
2026-10-07T20:50:01.763137+00:00,1518,1286748,068,38.5998649597168,-121.42633056640625,,,,1791406187
2026-10-07T20:50:01.763137+00:00,1517,1287933,088,38.60658264160156,-121.45831298828125,,,,1791406192
2026-10-07T20:50:01.763137+00:00,1516,1287383,082,38.628692626953125,-121.3827133178711,,,,1791406192
2026-10-07T20:50:01.763137+00:00,1515,1286493,062,38.538909912109375,-121.49254608154297,,,,1791406017
2026-10-07T20:50:01.763137+00:00,2208,1286473,062,38.504493713378906,-121.50875854492188,,,,1791406192
2026-10-07T20:50:01.763137+00:00,2220,1287553,084,38.644622802734375,-121.38337707519531,,,,1791406192
2026-10-07T20:50:01.763137+00:00,2218,1285439,026,38.58168411254883,-121.40159606933594,,,,1791406190
2026-10-07T20:50:01.763137+00:00,1525,1285565,030,38.579383850097656,-121.4989242553711,,,,1791406189
2026-10-07T20:50:01.763137+00:00,1524,1287243,081,38.49591827392578,-121.48468017578125,,,,1791406193
2026-10-07T20:50:01.763137+00:00,2217,1287938,088,38.579978942871094,-121.49247741699219,,,,1791406191
2026-10-07T20:50:01.763137+00:00,2216,1285785,038,38.56883239746094,-121.4683609008789,,,,1791406188
2026-10-07T20:50:01.763137+00:00,2215,1287174,081,38.495994567871094,-121.52444458007812,,,,1791406191
2026-10-07T20:50:01.763137+00:00,2214,1285458,026,38.55348587036133,-121.41836547851562,,,,1791406192
2026-10-07T20:50:01.763137+00:00,1520,1284379,011,38.56431579589844,-121.5026626586914,,,,1791406191
2026-10-07T20:50:01.763137+00:00,2213,1288089,093,38.7066535949707,-121.29175567626953,,,,1791406190
2026-10-07T20:50:01.763137+00:00,2850,1287226,081,38.49666213989258,-121.4382553100586,,,,1791406193
2026-10-07T20:50:01.763137+00:00,2211,,,38.56749725341797,-121.46965789794922,,,,1791406192
2026-10-07T20:50:01.763137+00:00,1528,1285150,023,38.61056900024414,-121.3851318359375,,,,1791406187
2026-10-07T20:50:01.763137+00:00,1527,1286206,056,38.481197357177734,-121.505615234375,,,,1791406189
2026-10-07T20:50:01.763137+00:00,1526,1285335,025,38.63841247558594,-121.32788848876953,,,,1791406189
2026-10-07T20:50:01.763137+00:00,2219,1286355,061,38.500144958496094,-121.43492126464844,,,,1791406188
2026-10-07T20:50:01.763137+00:00,2232,1285185,023,38.6103515625,-121.37989807128906,,,,1791406191
2026-10-07T20:50:01.763137+00:00,2230,,,38.569828033447266,-121.47162628173828,,,,1791406192
2026-10-07T20:50:01.763137+00:00,1536,1285459,026,38.636104583740234,-121.38542175292969,,,,1791406192
2026-10-07T20:50:01.763137+00:00,2228,,,38.567108154296875,-121.46981811523438,,,,1791405711
2026-10-07T20:50:01.763137+00:00,2864,,,38.56745147705078,-121.46952056884766,,,,1791406192
2026-10-07T20:50:01.763137+00:00,1533,1285903,051,38.50050735473633,-121.43138122558594,,,,1791406189
2026-10-07T20:50:01.763137+00:00,2226,1287538,084,38.601768493652344,-121.39222717285156,,,,1791406188
2026-10-07T20:50:01.763137+00:00,2225,1286864,072,38.553524017333984,-121.37220764160156,,,,1791406188
2026-10-07T20:50:01.763137+00:00,1531,1285814,038,38.5844841003418,-121.50025177001953,,,,1791406189
2026-10-07T20:50:01.763137+00:00,2102,,,38.56809997558594,-121.46968841552734,,,,1791406188
2026-10-07T20:50:01.763137+00:00,1530,1286616,067,38.468929290771484,-121.42032623291016,,,,1791406192
2026-10-07T20:50:01.763137+00:00,2223,1287420,082,38.61060333251953,-121.38287353515625,,,,1791406190
2026-10-07T20:50:01.763137+00:00,2860,,,38.4886360168457,-121.51395416259766,,,,1791406180
2026-10-07T20:50:01.763137+00:00,2222,1285017,021,38.58369064331055,-121.31124114990234,,,,1791406188
2026-10-07T20:50:01.763137+00:00,1539,1287694,086,38.57959747314453,-121.49122619628906,,,,1791406188
2026-10-07T20:50:01.763137+00:00,1538,1285904,051,38.53969192504883,-121.4497299194336,,,,1791406192
2026-10-07T20:50:01.763137+00:00,1537,1285601,030,38.5644416809082,-121.42620849609375,,,,1791406193
2026-10-07T20:50:01.763137+00:00,2243,1284925,019,38.712894439697266,-121.3922348022461,,,,1791406189
2026-10-07T20:50:01.763137+00:00,1550,1286205,056,38.463661193847656,-121.41419219970703,,,,1791406190
2026-10-07T20:50:01.763137+00:00,2880,,,38.567604064941406,-121.47003173828125,,,,1791406191
2026-10-07T20:50:01.763137+00:00,2242,1285184,023,38.60631561279297,-121.45594787597656,,,,1791406193
2026-10-07T20:50:01.763137+00:00,2241,,,38.5872917175293,-121.44722747802734,,,,1791406191
2026-10-07T20:50:01.763137+00:00,2240,1284828,015,38.61625289916992,-121.44615173339844,,,,1791406189
2026-10-07T20:50:01.763137+00:00,2239,1285600,030,38.578487396240234,-121.48685455322266,,,,1791406191
2026-10-07T20:50:01.763137+00:00,2238,1285460,026,38.714115142822266,-121.39225006103516,,,,1791406192
2026-10-07T20:50:01.763137+00:00,2237,1284679,013,38.598323822021484,-121.39220428466797,,,,1791406190
2026-10-07T20:50:01.763137+00:00,1544,1285334,025,38.62102127075195,-121.42139434814453,,,,1791406186
2026-10-07T20:50:01.763137+00:00,2236,,,38.56700897216797,-121.4698715209961,,,,1791406189
2026-10-07T20:50:01.763137+00:00,1543,1287653,086,38.63670349121094,-121.44438171386719,,,,1791406192
2026-10-07T20:50:01.763137+00:00,2873,,,38.56737518310547,-121.4695053100586,,,,1791406190
2026-10-07T20:50:01.763137+00:00,2872,,,38.5699348449707,-121.47035217285156,,,,1791406190
2026-10-07T20:50:01.763137+00:00,1541,,,38.56998825073242,-121.47075653076172,,,,1791406192
2026-10-07T20:50:01.763137+00:00,2871,,,38.51210021972656,-121.47650146484375,,,,1791406188
2026-10-07T20:50:01.763137+00:00,2233,,,38.57014465332031,-121.47145080566406,,,,1791406191
2026-10-07T20:50:01.763137+00:00,1540,1284408,011,38.58504867553711,-121.49432373046875,,,,1791406191
2026-10-07T20:50:01.763137+00:00,1549,1287537,084,38.674278259277344,-121.38275909423828,,,,1791406193
2026-10-07T20:50:01.763137+00:00,1561,1286863,072,38.581321716308594,-121.30989837646484,,,,1791406192
2026-10-07T20:50:01.763137+00:00,2253,1286171,056,38.48228454589844,-121.45439147949219,,,,1791406187
2026-10-07T20:50:01.763137+00:00,1560,1286617,067,38.53359603881836,-121.47238159179688,,,,1791406190
2026-10-07T20:50:01.763137+00:00,2252,1285303,025,38.617591857910156,-121.35576629638672,,,,1791406190
2026-10-07T20:50:01.763137+00:00,2251,1286446,062,38.57268142700195,-121.4801025390625,,,,1791406192
2026-10-07T20:50:01.763137+00:00,1557,1287197,081,38.500370025634766,-121.43167877197266,,,,1791406192
2026-10-07T20:50:01.763137+00:00,1556,1285440,026,38.64957046508789,-121.38311767578125,,,,1791406190
2026-10-07T20:50:01.763137+00:00,2887,1286354,061,38.52506637573242,-121.42826843261719,,,,1791406177
2026-10-07T20:50:01.763137+00:00,2249,1286615,067,38.45436096191406,-121.4194564819336,,,,1791406191
2026-10-07T20:50:01.763137+00:00,1555,1285149,023,38.63639450073242,-121.29279327392578,,,,1791406190
2026-10-07T20:50:01.763137+00:00,2248,1286574,067,38.48265838623047,-121.45303344726562,,,,1791406189
2026-10-07T20:50:01.763137+00:00,1554,1285044,021,38.72247314453125,-121.28961944580078,,,,1791406192
2026-10-07T20:50:01.763137+00:00,2247,1287693,086,38.607234954833984,-121.50785064697266,,,,1791406191
2026-10-07T20:50:01.763137+00:00,2246,1286713,068,38.599449157714844,-121.426513671875,,,,1791406190
2026-10-07T20:50:01.763137+00:00,1551,1285336,025,38.722652435302734,-121.28961181640625,,,,1791406191
2026-10-07T20:50:01.763137+00:00,2244,1285970,051,38.56036376953125,-121.48793029785156,,,,1791406190
2026-10-07T20:50:01.763137+00:00,2808,1288088,093,38.646392822265625,-121.3829574584961,,,,1791406192
2026-10-07T20:50:01.763137+00:00,1559,,,38.569671630859375,-121.4693374633789,,,,1791406190
2026-10-07T20:50:01.763137+00:00,1572,1285972,051,38.5131721496582,-121.43719482421875,,,,1791406191
2026-10-07T20:50:01.763137+00:00,1571,1287078,078,38.56756591796875,-121.34526824951172,,,,1791406188
2026-10-07T20:50:01.763137+00:00,2263,1284678,013,38.61268997192383,-121.47564697265625,,,,1791406189
2026-10-07T20:50:01.763137+00:00,2261,1285971,051,38.546104431152344,-121.45360565185547,,,,1791406192
2026-10-07T20:50:01.763137+00:00,2260,1287797,087,38.58450698852539,-121.4153823852539,,,,1791406190
2026-10-07T20:50:01.763137+00:00,1569,1287554,084,38.63018798828125,-121.38298797607422,,,,1791406190
2026-10-07T20:50:01.763137+00:00,1568,1284699,013,38.64508819580078,-121.50871276855469,,,,1791406190
2026-10-07T20:50:01.763137+00:00,1565,1285816,038,38.55278396606445,-121.42666625976562,,,,1791406191
2026-10-07T20:50:01.763137+00:00,2257,1286714,068,38.53879165649414,-121.45551300048828,,,,1791406188
2026-10-07T20:50:01.763137+00:00,1563,,,38.645835876464844,-121.3829345703125,,,,1791406189
2026-10-07T20:50:01.763137+00:00,2256,1285015,021,38.722354888916016,-121.28960418701172,,,,1791406190
2026-10-07T20:50:01.763137+00:00,2255,,,38.56963348388672,-121.46977233886719,,,,1791406192
2026-10-07T20:50:01.763137+00:00,1562,1284120,001,38.642494201660156,-121.3833999633789,,,,1791406188
2026-10-07T20:50:01.763137+00:00,2813,,,38.569435119628906,-121.4687271118164,,,,1791406082
